930 1000
782 146
289 588
537 219
601 747
811 233
897 242
920 13
436 262
461 840
546 322
475 9
346 857
601 727
228 412
575 551
583 97
858 55
564 223
496 573
396 134
92 44
740 55
825 283
519 880
138 631
433 845
489 179
137 588
429 293
776 153
681 468
427 526
549 625
64 493
519 455
141 382
3 395
821 31
244 73
688 527
426 567
245 460
892 748
522 924
180 155
211 479
143 664
758 337
224 907
468 331
24 259
73 779
786 508
352 484
5 214
376 790
511 814
40 837
175 1
336 523
753 262
928 671
426 264
769 45
474 649
128 332
537 570
225 773
148 702
802 246
623 91
171 174
96 515
926 345
770 718
167 471
872 921
276 794
573 744
326 129
91 877
77 550
23 622
254 10
735 601
847 51
383 478
721 484
28 440
548 861
523 9
491 254
917 523
339 493
912 5
646 670
385 690
781 766
650 238
441 659
540 762
546 258
146 895
131 853
832 412
344 137
585 896
28 684
838 797
868 786
470 656
401 277
714 565
91 694
206 229
916 656
325 22
892 583
324 180
356 481
349 916
526 781
173 363
657 94
392 141
602 154
578 66
485 278
763 38
274 228
232 852
693 553
505 896
304 373
805 309
905 516
537 738
423 264
700 326
354 601
181 654
316 95
687 503
705 780
598 790
885 763
401 244
718 475
412 130
455 659
420 751
264 541
812 712
309 828
823 441
352 641
690 779
444 412
118 311
667 366
909 666
610 606
225 590
498 589
10 178
813 550
19 719
409 235
617 727
553 575
370 351
423 800
711 616
868 224
275 783
631 555
930 660
914 113
166 542
909 455
68 825
339 263
159 865
492 35
841 135
340 759
265 187
466 163
631 907
784 547
788 660
773 562
1 783
841 477
52 668
536 876
114 874
198 228
625 328
883 346
360 746
863 698
419 789
375 288
803 750
376 492
264 518
827 419
556 291
223 769
227 505
147 339
517 48
378 195
896 196
464 438
566 210
14 655
210 604
851 406
163 733
388 2
746 547
16 583
286 347
659 799
124 268
705 183
134 572
343 206
581 156
102 215
419 659
710 918
269 9
388 235
828 753
806 26
868 3
600 284
557 570
129 234
851 2
382 874
577 393
558 405
255 95
836 192
809 338
31 21
420 105
59 315
100 819
564 565
881 608
150 528
645 87
381 395
796 865
284 64
456 359
659 449
18 20
573 113
399 77
719 391
508 658
649 354
760 603
257 593
383 634
687 545
656 673
569 59
1 781
914 104
345 98
858 475
512 67
121 163
544 759
41 480
694 471
292 230
25 396
716 576
242 271
777 232
887 264
288 327
701 336
25 770
155 859
561 667
81 910
381 52
30 45
60 408
572 453
479 242
717 675
43 522
39 327
700 21
386 173
615 885
148 489
665 372
683 629
159 707
699 719
188 492
770 915
689 425
585 135
345 319
573 94
693 417
542 265
10 780
551 842
466 720
912 160
148 777
386 601
807 139
141 875
336 850
683 112
400 838
926 34
247 81
127 371
295 891
850 494
20 318
900 528
899 814
658 880
302 458
93 141
660 328
468 498
782 6
212 694
692 250
687 278
157 623
612 136
777 469
341 557
684 804
273 118
859 862
481 39
41 466
922 75
428 55
426 67
612 75
853 229
398 348
851 573
192 909
253 340
340 468
480 850
865 612
393 848
18 662
744 285
715 699
841 452
382 121
708 404
587 268
257 512
204 163
818 887
864 918
473 432
774 434
359 224
916 374
348 514
74 411
197 647
412 265
323 299
73 660
193 687
219 720
431 363
127 215
512 779
725 7
510 533
55 785
692 21
688 894
865 283
269 251
307 440
623 646
763 113
732 769
199 18
45 872
240 914
205 884
219 841
287 778
547 357
846 730
636 223
854 130
533 117
662 749
333 643
872 758
261 363
568 549
564 138
521 688
44 388
768 741
515 925
506 103
233 371
638 632
315 278
847 475
459 597
151 625
22 209
499 557
832 45
424 468
362 629
39 421
817 249
908 618
168 625
476 647
67 81
798 70
599 484
730 373
270 415
82 204
472 579
589 431
28 9
911 825
910 550
110 691
99 370
340 329
159 322
923 575
332 225
849 657
766 461
244 102
802 829
665 100
842 584
780 519
755 77
480 75
147 613
270 681
193 360
700 500
908 842
640 1
76 133
86 2
332 289
99 611
780 282
253 820
900 104
632 643
724 795
570 817
380 544
273 624
404 911
589 223
39 358
152 414
509 914
213 16
688 361
692 222
135 466
318 273
370 102
241 119
307 330
276 228
704 290
747 896
98 349
478 21
396 781
915 442
408 732
429 401
230 344
708 643
537 901
599 667
126 281
472 596
392 549
830 582
115 159
633 478
568 124
111 116
586 784
199 38
876 710
177 52
71 537
789 73
67 242
70 664
345 500
752 376
656 435
855 690
58 436
798 731
103 853
845 599
405 826
194 348
203 31
322 85
411 53
226 257
838 387
117 777
147 374
443 165
404 677
201 408
644 96
686 232
340 539
528 305
266 415
542 410
613 640
218 410
858 87
87 680
189 148
305 158
563 411
481 740
554 782
145 214
790 646
582 140
511 479
808 260
265 58
432 331
744 120
622 240
262 660
891 156
336 274
190 247
22 425
591 218
586 576
838 561
470 767
854 213
639 577
592 646
561 713
229 144
667 889
102 543
589 677
923 838
564 768
88 257
484 156
23 559
181 811
193 662
125 740
571 877
760 330
144 199
39 308
690 397
84 652
388 179
432 810
191 50
392 299
482 340
446 572
645 148
53 639
230 664
110 687
268 860
689 809
623 140
154 792
71 367
834 144
122 183
468 927
318 2
95 602
710 611
36 185
735 274
301 808
764 320
675 720
594 456
585 646
571 54
304 684
871 341
6 328
248 156
696 657
583 582
910 658
327 216
80 178
209 578
181 133
657 505
189 824
615 572
25 918
660 366
424 303
746 328
157 445
716 795
840 556
791 155
589 37
631 66
799 145
301 444
306 614
435 387
421 896
58 586
224 373
273 80
738 746
561 484
310 884
10 441
197 823
214 183
29 669
443 882
244 747
659 713
284 149
757 423
882 326
157 354
516 587
675 253
772 533
887 38
639 823
688 849
816 442
650 529
724 437
66 309
848 66
801 81
600 141
186 200
295 165
455 252
351 94
727 498
818 150
540 381
264 854
65 80
453 212
32 34
536 910
59 490
819 158
767 259
138 148
438 323
379 122
301 259
354 575
495 405
353 334
293 68
861 843
594 359
578 463
518 66
353 425
178 927
407 891
419 250
352 259
522 484
739 527
497 136
596 569
840 695
698 26
368 350
198 65
101 551
569 460
903 215
292 183
726 522
604 832
873 658
781 882
119 166
298 886
567 24
527 335
441 924
591 717
20 537
721 839
580 133
833 781
407 477
126 765
208 732
316 353
140 715
707 428
222 194
778 402
569 598
638 301
914 586
126 882
643 332
781 504
353 891
270 550
830 555
751 870
58 862
254 165
175 809
50 798
109 650
26 899
313 797
59 869
396 786
300 452
425 350
834 34
762 455
489 185
67 654
859 495
678 260
330 709
925 615
851 124
152 826
296 191
834 298
703 123
204 319
554 52
492 273
514 110
442 818
137 505
830 774
503 100
483 559
432 555
718 383
103 602
528 649
404 801
279 278
809 511
387 723
80 919
578 180
181 766
99 466
482 310
927 856
24 623
215 90
389 54
843 239
470 351
834 273
520 270
751 589
374 920
496 516
867 535
380 439
238 894
541 842
406 453
245 163
442 104
113 323
523 212
593 569
746 67
802 676
711 546
85 645
344 926
591 214
9 131
135 897
304 387
236 172
155 684
426 357
607 575
403 24
126 554
102 695
137 561
559 530
864 190
283 508
360 772
829 230
217 368
128 360
93 477
821 763
341 475
233 406
150 329
256 492
68 780
90 235
103 362
194 591
497 656
394 514
687 204
396 213
212 172
816 489
373 897
112 797
340 747
479 657
208 630
337 835
113 57
784 441
703 353
423 789
877 386
499 294
674 617
175 107
747 620
811 130
586 367
380 774
11 506
603 689
270 736
668 283
527 329
565 6
657 301
572 610
814 736
154 908
185 732
377 138
28 196
241 326
222 885
306 303
846 505
622 738
274 785
420 618
510 657
335 42
773 90
874 89
615 107
255 753
345 791
219 890
472 18
403 38
840 460
368 777
643 340
889 7
10 184
904 776
471 64
700 45
412 307
616 868
221 401
733 348
753 619
557 429
381 179
81 733
446 713
618 89
518 756
439 750
590 858
231 383
475 88
77 480
722 877
100 412
838 501
649 289
125 168
824 92
686 339
364 314
269 292
802 683
724 892
464 887
691 613
455 229
208 53
271 648
209 727
626 661
127 289
211 542
583 387
100 902
414 437
23 817
361 40
357 903
84 714
533 900
530 262
43 22
221 75
784 45
386 420
75 38
479 385
876 111
29 466
65 598
890 161
826 727
268 794
796 215
114 814
596 775
313 204
707 117
260 844
260 438
193 621
746 893
305 113
499 693
