1000 9886
509 691
863 516
919 790
540 553
266 302
360 157
696 855
803 541
787 384
146 264
54 385
294 144
902 851
1000 77
12 909
933 551
660 865
216 643
845 283
630 723
886 585
464 762
265 511
692 434
431 462
934 467
504 158
798 546
916 732
716 159
592 149
131 275
60 411
499 877
904 17
869 631
105 794
550 18
164 425
692 882
353 496
28 296
766 892
423 130
255 147
104 701
339 818
909 450
359 399
997 233
786 271
454 417
883 817
934 927
897 523
115 584
866 912
226 307
11 645
876 281
715 669
257 773
616 870
232 699
784 18
128 534
166 806
262 417
374 901
644 654
17 538
129 508
163 410
965 383
634 616
263 158
376 856
69 717
96 343
191 311
25 861
29 893
945 860
51 989
529 669
165 397
869 245
906 65
177 877
998 475
158 146
489 761
676 555
702 559
722 281
701 673
564 532
843 631
591 521
303 465
198 649
697 30
270 103
646 161
467 685
873 957
582 983
569 84
697 399
997 613
616 89
778 712
602 20
420 625
536 954
853 133
446 293
319 569
199 23
146 161
184 276
810 200
777 257
356 562
291 629
457 349
97 934
630 328
815 174
932 272
450 602
951 574
865 441
154 342
688 898
411 301
549 79
973 927
335 442
222 688
46 203
504 894
404 513
520 810
376 440
799 408
767 20
309 908
382 242
997 543
796 606
447 562
509 213
951 482
997 608
335 841
763 770
875 844
508 403
309 686
77 386
940 768
763 41
853 893
104 490
36 441
628 51
958 740
577 843
102 942
675 194
864 153
208 349
815 970
176 18
855 469
950 459
399 371
2 539
685 886
157 189
857 332
154 547
479 822
850 710
293 903
854 262
786 606
333 301
685 536
251 940
476 975
28 243
759 268
100 159
462 802
469 78
74 574
864 692
852 513
299 643
412 418
72 397
246 387
835 610
142 254
718 926
333 881
778 974
929 618
92 940
847 574
535 722
41 122
304 740
632 518
363 131
457 458
165 921
502 330
430 23
32 962
306 33
364 367
37 351
502 485
819 293
109 701
112 367
853 590
681 341
851 101
344 737
608 894
805 956
468 150
158 814
768 750
452 15
235 393
163 244
127 655
81 803
228 982
196 116
486 480
475 215
203 521
893 248
831 402
558 318
413 789
162 23
238 378
976 943
10 67
907 467
802 231
234 485
931 473
950 471
51 642
233 811
569 321
54 267
147 151
848 504
738 932
959 28
446 161
160 794
693 224
548 677
2 244
631 436
941 914
241 276
217 661
705 675
890 609
816 580
964 580
17 673
470 261
769 594
454 719
611 265
246 380
407 847
677 414
224 353
647 998
874 972
265 700
56 279
131 327
995 900
549 805
861 627
255 452
992 654
990 905
486 664
641 775
224 471
260 726
903 643
795 26
361 578
586 397
259 201
48 686
619 207
411 386
291 149
309 702
969 492
843 391
476 164
957 659
656 226
415 91
642 397
143 17
269 514
563 546
75 721
73 274
883 257
906 840
951 200
974 27
888 216
983 219
915 619
590 43
668 881
559 884
289 932
394 537
281 520
229 194
103 745
347 283
664 71
648 588
794 982
579 84
266 303
530 528
398 480
866 431
920 864
61 634
668 390
480 791
673 120
534 829
52 58
181 769
610 661
497 500
616 126
834 45
542 266
138 628
583 682
441 541
795 954
374 141
255 666
471 841
593 739
86 352
329 493
554 222
863 104
421 453
939 520
378 930
251 400
734 479
992 682
411 941
942 264
328 2
97 891
593 798
443 851
814 326
266 554
838 56
306 233
254 307
495 559
187 342
832 97
465 520
407 869
266 587
943 791
931 887
199 519
813 263
649 766
746 826
961 685
802 619
830 248
328 254
756 230
98 984
190 322
915 681
664 999
301 780
103 478
824 749
495 80
366 937
286 85
100 954
295 343
542 170
158 147
551 936
953 169
114 215
902 18
122 698
18 401
55 942
280 428
543 661
304 905
636 22
765 758
374 482
587 762
364 817
864 121
458 442
574 964
279 272
32 507
565 143
289 396
255 553
700 938
223 15
133 275
636 244
599 480
320 245
44 981
227 473
325 972
255 271
865 591
778 954
528 537
866 896
838 378
804 702
52 699
143 620
535 318
421 330
213 424
796 778
157 259
838 405
719 434
666 298
60 13
596 175
338 363
727 903
946 106
913 883
374 708
525 794
815 935
462 171
559 379
905 864
141 47
337 940
190 542
681 649
496 961
563 749
983 972
159 30
185 631
558 765
422 836
193 976
508 259
346 418
54 915
63 593
203 532
253 368
867 944
335 622
909 651
475 123
132 712
115 16
69 306
579 353
393 828
413 161
128 63
94 894
510 595
707 197
11 330
967 655
380 43
362 618
716 653
882 357
901 301
564 489
648 516
518 813
781 856
470 399
878 120
94 555
207 840
298 20
136 199
925 473
773 293
74 575
100 879
542 322
341 3
886 801
423 541
468 890
655 406
717 633
791 726
419 768
443 588
356 727
840 936
681 152
240 120
536 693
184 871
13 195
325 817
101 794
687 7
461 537
583 182
865 309
973 898
761 132
136 609
891 537
404 550
614 475
390 529
563 811
748 277
822 564
166 796
150 241
282 297
121 263
603 903
968 264
202 704
31 200
957 592
177 390
966 646
535 801
367 383
336 737
906 853
301 797
414 452
405 783
923 846
327 946
698 66
256 81
3 828
850 905
523 53
357 407
252 147
321 213
997 71
929 239
712 201
55 609
834 804
431 726
859 155
787 358
718 554
393 96
483 191
263 677
285 877
554 310
61 710
506 375
385 936
668 321
230 854
750 189
99 456
946 494
757 717
986 991
952 867
147 707
757 528
759 166
317 143
925 624
87 869
934 511
117 482
190 630
193 306
16 277
611 196
465 914
504 840
359 506
715 354
896 147
593 834
387 287
502 454
782 692
756 208
567 246
643 110
357 864
762 314
427 608
306 292
14 973
145 897
55 227
383 726
282 269
927 447
749 865
162 419
918 150
831 723
563 549
822 306
706 396
20 991
239 213
519 391
794 642
417 253
402 619
927 222
628 155
189 29
820 388
245 853
484 179
307 666
560 474
924 539
502 523
414 877
329 967
460 27
11 483
677 718
246 11
255 982
237 199
129 636
702 275
770 586
155 764
137 89
604 593
554 298
795 524
333 581
604 65
469 5
289 487
72 388
725 308
47 117
566 524
680 619
290 779
844 422
505 194
554 223
539 289
960 282
977 732
246 123
710 458
988 847
571 880
862 145
38 706
459 750
300 682
636 550
178 74
986 725
274 569
525 176
876 132
990 132
213 803
425 716
644 966
211 95
32 634
568 270
418 671
861 233
329 40
112 424
761 45
465 664
326 618
239 807
546 754
630 934
76 837
519 75
580 309
327 544
68 225
31 511
54 948
220 420
132 838
333 195
542 905
500 852
949 905
107 538
589 402
826 68
954 113
672 316
925 902
177 680
289 982
343 31
778 178
301 519
216 781
362 631
683 371
522 191
880 704
697 179
399 63
293 536
935 89
578 758
488 304
700 837
217 705
114 438
647 762
351 74
7 603
835 362
285 853
750 27
844 228
762 621
506 431
288 86
677 452
255 552
809 724
102 436
276 767
778 601
751 116
584 904
525 273
532 424
259 324
758 256
853 116
601 203
430 287
69 549
415 585
696 177
524 607
959 632
430 398
459 145
865 447
183 941
579 685
348 642
679 766
410 158
666 299
499 534
745 786
304 437
600 43
748 419
861 860
995 559
936 213
396 960
340 349
879 936
715 699
903 488
822 728
515 224
440 966
457 872
652 63
363 671
35 202
168 612
131 632
599 543
266 209
124 637
365 69
347 454
640 763
319 340
836 194
86 545
73 698
147 415
315 725
797 681
465 64
413 160
508 226
635 585
45 469
599 978
157 187
20 397
950 376
3 993
985 603
640 10
333 299
892 62
476 969
829 587
646 131
9 94
707 371
817 759
285 825
363 569
902 952
597 320
924 144
623 412
259 275
448 328
907 851
571 986
553 315
240 234
62 311
140 485
820 327
326 504
437 817
421 412
157 596
870 709
887 313
399 556
92 605
496 290
61 214
541 174
834 674
737 769
165 872
980 99
405 123
839 984
951 290
371 428
193 736
469 851
642 423
384 475
771 217
751 411
871 88
909 891
571 356
277 241
144 330
589 632
404 244
560 834
854 868
675 19
932 642
92 167
384 104
902 513
866 126
903 3
724 556
771 550
417 208
751 341
8 915
704 592
245 880
586 668
272 716
24 93
869 11
506 547
860 450
937 683
739 531
326 439
375 199
881 172
203 862
129 535
354 478
962 129
247 393
124 180
78 605
284 36
184 240
757 765
832 578
388 26
729 923
318 717
624 885
442 765
647 24
679 467
97 627
62 467
156 780
658 74
862 186
240 707
226 200
389 658
122 393
784 764
435 364
899 455
339 904
359 501
508 785
605 509
883 711
847 288
319 198
5 979
639 130
586 26
862 359
97 63
418 78
5 868
33 791
417 688
698 547
491 995
681 695
166 825
46 483
432 403
909 927
676 126
804 139
550 915
366 636
242 566
614 294
979 935
176 904
875 790
34 298
876 613
860 98
533 836
920 311
850 72
867 890
707 977
319 287
709 131
603 640
289 856
474 340
295 358
941 304
48 33
530 989
941 743
875 564
681 883
993 545
243 190
426 354
924 741
215 60
987 15
59 528
868 794
172 785
410 938
687 56
161 96
109 362
964 388
290 695
440 24
518 503
631 410
724 795
691 545
237 87
989 1000
133 172
317 351
251 199
824 109
886 503
350 793
665 835
136 111
230 883
66 240
359 597
70 648
933 774
660 578
554 77
188 323
355 242
545 774
402 353
190 640
378 928
472 421
736 818
883 901
94 60
442 334
135 746
249 181
66 517
52 592
843 327
862 33
80 873
615 731
391 397
130 421
738 226
741 769
540 428
338 276
970 513
653 75
606 955
843 421
231 120
23 823
488 712
770 88
609 224
2 974
19 980
205 725
741 995
63 715
615 277
905 987
836 969
180 821
426 661
188 596
692 731
821 83
788 667
864 1
208 485
909 613
713 380
971 832
957 750
717 348
759 993
137 696
837 707
287 678
458 996
257 375
955 408
46 439
116 916
501 898
872 298
176 353
100 384
561 914
581 607
582 808
397 984
180 280
734 835
904 500
843 881
401 430
274 180
27 393
280 477
636 16
450 917
414 616
789 612
48 920
803 792
887 104
100 964
125 688
138 761
88 772
804 986
752 283
679 266
458 154
244 655
753 169
502 67
123 282
649 83
680 343
553 367
992 729
977 974
44 870
541 470
14 334
990 71
499 616
335 278
317 807
109 581
387 457
207 200
212 178
288 642
865 152
26 58
486 896
469 702
629 80
296 796
975 68
36 198
629 802
35 6
953 527
755 663
684 361
261 712
67 377
175 866
141 654
860 42
628 62
747 408
529 749
287 757
716 937
882 385
37 990
613 542
872 759
37 882
217 550
77 261
37 943
884 326
371 813
959 404
542 132
634 877
232 229
74 317
252 248
604 837
223 425
439 764
156 502
956 691
377 906
194 208
506 750
432 709
34 649
37 82
351 410
99 373
545 115
329 760
242 826
99 450
247 202
481 646
161 596
953 118
238 618
277 858
85 720
99 160
482 40
467 324
565 387
179 120
355 605
442 650
905 454
193 340
726 894
359 323
296 75
84 184
813 538
136 660
523 992
946 189
361 619
183 806
447 893
504 157
804 434
642 309
625 587
666 447
353 904
471 482
488 753
918 25
296 760
214 826
234 44
110 763
699 426
516 556
81 919
44 285
690 363
849 394
478 802
274 717
822 455
950 136
356 1
20 965
917 49
108 248
426 508
764 594
894 501
306 834
774 245
889 498
119 526
211 963
467 986
139 544
25 907
635 596
119 447
191 18
711 731
656 611
569 326
676 622
115 268
557 413
319 958
414 902
428 742
824 227
309 95
437 336
661 298
995 346
252 337
695 721
223 505
579 808
174 524
143 275
576 546
539 470
692 248
696 251
496 97
243 940
485 983
256 987
810 286
66 574
914 368
844 753
791 986
886 92
689 560
227 753
766 550
89 752
738 223
176 732
377 173
841 222
218 903
631 569
409 106
783 788
20 532
23 899
944 672
541 962
528 47
893 643
215 507
880 530
111 698
427 651
279 618
393 527
158 777
784 200
606 651
705 404
262 219
101 321
29 740
853 818
159 353
417 258
797 767
465 126
211 622
90 869
271 712
536 375
422 620
349 900
78 194
686 509
926 44
366 185
298 825
741 19
190 363
12 683
539 886
497 143
191 135
599 10
983 427
915 187
937 535
133 26
635 862
602 141
950 579
782 312
768 454
933 948
169 863
791 377
544 381
764 280
248 687
834 202
604 269
900 219
736 836
308 677
626 360
539 291
23 370
635 410
286 960
855 657
914 197
214 662
438 655
424 73
260 983
269 281
451 784
749 767
24 297
222 129
42 200
763 431
691 186
658 849
1 241
951 756
18 560
936 51
774 855
741 768
780 508
909 160
288 726
899 470
595 455
891 53
785 483
438 203
240 590
921 163
871 99
488 600
694 440
131 542
633 346
851 143
767 803
846 406
479 683
135 79
768 856
642 801
458 914
440 761
662 292
244 339
944 57
817 269
915 904
720 464
112 965
614 77
884 355
354 818
81 10
246 844
172 871
102 736
345 429
16 763
360 110
622 266
695 458
848 451
116 683
355 853
137 490
825 85
420 671
555 204
261 73
651 753
821 129
660 769
628 823
322 468
994 727
706 195
485 700
180 174
53 344
848 880
955 948
649 97
796 496
66 213
428 972
948 171
550 163
933 825
919 506
922 522
670 600
490 520
843 4
832 307
779 796
616 394
890 233
70 919
677 181
19 567
972 503
799 614
931 566
39 223
922 863
835 966
965 795
982 939
73 147
628 635
432 817
939 932
836 520
123 857
768 955
149 831
991 600
426 852
111 653
809 449
685 174
301 165
283 934
505 634
435 867
922 275
651 371
361 91
253 93
842 490
115 100
668 918
63 972
745 253
289 775
401 845
842 637
275 724
827 259
685 993
564 726
698 28
972 659
789 963
862 779
523 155
363 908
825 919
474 47
793 433
532 312
195 395
416 364
769 680
509 631
682 923
117 806
868 930
377 905
342 440
364 641
464 311
657 600
674 854
492 349
846 584
924 146
987 894
839 257
5 313
506 48
624 755
195 355
772 93
120 814
736 780
787 888
946 299
235 944
420 198
831 11
800 364
658 774
606 80
844 605
258 152
792 960
46 235
540 629
364 506
224 301
709 506
68 502
892 928
783 819
897 736
236 572
75 710
300 801
528 452
124 957
675 311
125 340
269 538
793 928
922 196
488 912
895 453
309 654
539 720
556 385
633 274
509 282
712 927
140 664
628 19
6 241
558 322
581 867
985 874
966 935
401 559
122 938
600 867
343 193
60 985
594 385
741 510
246 948
228 135
247 357
209 476
656 612
197 652
275 462
11 840
47 690
380 185
474 178
920 776
405 704
385 376
963 874
298 247
373 593
725 684
691 628
346 799
293 304
864 486
665 869
795 978
613 871
83 996
635 147
691 741
69 729
565 196
307 236
364 907
721 136
939 403
744 889
763 55
35 726
218 576
274 302
991 79
5 686
597 68
784 623
276 377
142 329
880 504
994 80
815 98
528 612
61 851
587 195
700 290
867 339
745 863
623 999
148 595
311 225
766 22
877 17
845 654
96 683
420 303
923 197
280 762
832 807
317 673
637 556
304 103
604 347
399 755
606 761
383 672
998 71
159 211
841 904
400 706
926 371
124 679
197 957
899 128
656 289
521 667
405 800
823 782
458 974
954 971
81 45
432 977
489 256
876 916
825 862
57 452
159 535
200 476
367 848
24 395
958 877
981 724
772 721
864 530
540 597
699 704
207 781
703 136
928 174
503 182
697 751
679 147
207 690
407 332
543 864
750 560
532 407
468 90
578 85
657 834
985 77
715 84
878 640
971 46
754 434
350 57
23 397
165 44
905 396
433 435
805 427
202 240
627 817
120 601
852 138
891 740
654 128
328 806
400 211
843 377
390 946
118 983
31 932
567 534
465 152
202 466
365 646
443 964
647 73
987 643
550 723
273 389
442 276
813 259
500 2
463 446
177 225
130 185
870 207
46 509
124 997
417 451
914 793
93 830
305 278
806 950
453 406
888 137
301 866
286 206
72 118
840 668
665 455
138 65
181 173
608 247
497 840
538 750
372 568
727 246
39 144
673 830
984 55
509 594
332 237
29 11
189 519
221 803
772 693
910 351
52 67
53 310
455 134
337 611
602 17
934 496
556 578
117 532
725 469
809 205
622 839
703 386
688 857
212 239
533 585
662 601
19 457
960 377
736 720
936 498
810 471
27 963
834 497
268 495
518 831
188 54
580 848
447 859
1000 776
253 536
330 259
295 791
867 504
118 674
416 359
505 287
490 461
453 199
440 858
165 595
651 404
639 74
83 54
82 130
931 117
839 676
127 662
257 6
519 298
206 35
154 902
873 294
943 762
658 528
279 770
410 607
655 145
774 271
465 69
489 335
27 620
183 471
774 158
522 207
262 962
820 1000
983 12
219 483
350 667
349 892
8 728
6 455
355 739
971 477
254 683
458 760
181 997
375 109
730 908
638 525
859 288
535 805
350 949
62 73
299 361
714 664
388 69
553 542
290 620
223 222
834 17
392 36
160 64
696 114
512 902
134 724
650 695
749 19
142 195
329 472
551 285
463 909
601 36
235 802
252 924
697 761
496 470
580 918
834 418
490 764
161 948
932 903
75 778
974 682
773 709
44 731
939 741
231 135
468 203
987 813
221 493
3 532
723 196
200 870
129 285
22 448
408 468
137 826
889 157
299 535
14 868
127 805
419 244
336 598
376 183
984 566
129 63
722 791
205 364
921 11
98 924
427 830
104 577
193 944
638 2
104 826
896 327
471 169
591 136
695 123
444 871
48 56
910 808
381 156
254 922
684 109
850 901
462 327
673 900
681 921
641 166
898 527
651 973
600 787
30 410
280 990
419 641
574 727
410 964
855 218
566 363
90 80
842 963
920 777
904 398
262 712
267 674
123 531
833 361
906 503
844 47
166 7
904 236
243 656
895 588
587 279
199 69
809 785
772 419
657 237
497 301
540 903
484 573
378 24
910 49
435 83
277 713
830 840
47 20
675 777
948 275
587 117
736 809
329 325
903 873
965 688
586 295
325 785
291 897
841 318
118 968
637 441
586 438
308 912
455 547
149 660
278 120
357 529
269 85
509 438
1 389
132 620
696 319
888 289
412 869
288 827
400 805
300 774
541 960
582 244
328 199
201 351
477 442
379 756
98 489
34 297
879 707
720 712
480 369
79 267
998 215
304 47
927 217
876 759
950 106
897 30
828 626
759 798
67 448
747 610
931 363
441 251
924 736
615 427
769 501
254 513
648 738
85 541
768 11
555 341
995 410
891 349
837 927
342 23
325 169
256 462
709 653
618 526
247 706
214 93
298 992
751 814
720 50
994 561
209 563
269 473
604 732
53 322
938 24
901 148
960 624
118 360
871 713
17 273
535 563
577 249
761 516
597 246
815 736
213 253
621 16
71 243
255 278
929 533
70 937
701 9
369 608
19 487
287 440
217 404
917 977
809 184
314 518
98 401
273 761
356 969
747 103
862 439
711 891
828 99
791 105
633 909
207 102
870 994
44 449
969 28
511 580
347 495
90 690
552 387
612 787
258 274
413 950
182 125
443 387
63 938
963 344
427 343
516 772
367 32
166 784
979 674
618 430
102 791
942 447
819 845
180 709
290 389
953 323
94 903
702 582
629 558
82 215
225 696
488 22
695 343
842 825
661 227
495 317
902 23
669 312
414 845
399 59
494 255
345 333
751 989
204 48
99 346
597 455
744 5
837 772
967 853
548 841
13 584
881 412
668 274
826 631
241 61
189 309
229 596
714 756
566 637
237 457
592 216
645 98
423 628
156 81
216 252
14 51
843 937
163 120
94 253
866 266
939 474
688 858
49 940
697 732
549 391
563 135
191 718
592 405
630 253
558 910
688 952
429 810
47 399
932 724
239 887
667 18
830 610
136 586
912 155
795 913
642 300
528 331
451 556
641 620
22 37
563 835
899 325
348 130
729 664
417 494
552 383
129 466
757 298
850 124
23 570
691 263
629 967
339 385
766 56
441 337
884 163
872 540
177 383
529 738
576 608
863 791
220 315
148 72
556 189
880 380
65 766
417 185
536 433
944 182
985 558
677 928
767 692
332 625
988 679
517 951
220 601
149 467
171 7
65 536
156 497
18 896
214 187
94 669
366 486
367 907
576 172
775 400
464 410
927 725
592 934
555 42
630 738
861 513
872 182
565 621
226 127
492 351
420 524
596 677
632 726
89 221
911 918
716 78
829 529
839 400
203 498
78 918
230 905
2 478
458 12
921 684
95 305
445 258
781 360
273 214
770 987
74 508
2 369
790 414
672 313
819 442
767 464
348 866
404 700
574 432
260 568
979 192
961 989
429 159
308 566
457 46
809 257
810 746
885 54
61 436
892 930
627 809
510 37
331 511
224 158
921 232
120 991
577 507
841 1
746 910
728 653
819 630
125 178
932 319
36 372
168 580
998 40
874 106
361 53
127 538
210 338
12 604
620 649
756 340
403 804
854 602
780 601
507 365
609 745
149 51
901 268
404 308
578 651
906 146
391 606
488 509
733 761
995 462
632 532
6 307
114 348
16 399
30 693
12 992
884 673
950 634
679 24
128 713
423 990
190 63
526 949
213 390
165 355
682 159
422 146
575 424
504 657
440 437
449 16
765 554
918 480
346 648
455 478
994 268
385 988
960 644
552 832
971 4
511 967
293 16
740 719
27 108
210 845
802 109
973 144
700 333
351 959
652 224
892 11
865 507
701 85
633 775
503 641
396 125
608 579
880 216
773 299
518 772
273 747
465 550
876 300
328 618
349 428
701 823
26 113
895 481
453 158
435 703
384 443
168 258
799 239
642 54
292 867
774 539
10 444
871 201
729 720
989 286
153 396
859 830
931 157
349 528
387 879
634 974
564 793
103 513
286 99
590 45
613 372
650 462
615 426
998 310
655 627
555 455
814 876
360 117
471 259
272 955
425 447
67 142
507 87
859 250
74 926
129 631
405 738
815 607
952 439
56 108
751 152
834 39
460 692
484 764
804 851
402 187
455 78
42 210
481 594
78 812
570 716
903 942
761 523
354 179
193 247
155 965
416 850
476 578
739 92
742 508
374 417
47 5
572 420
414 748
425 789
889 280
83 337
687 58
722 735
144 202
663 61
559 508
176 763
487 433
344 897
606 953
419 81
737 958
828 467
365 349
813 257
373 663
836 934
802 754
840 417
725 482
253 852
698 963
92 470
921 160
715 241
137 881
430 930
845 513
41 641
405 96
745 373
68 238
567 212
58 68
332 555
573 611
138 508
929 479
708 733
639 587
557 175
353 625
85 734
324 278
107 942
716 528
774 176
181 469
863 976
349 790
318 479
301 659
414 31
660 46
973 225
920 979
522 11
303 478
730 950
472 986
164 816
881 258
204 49
663 94
564 305
28 194
388 79
393 343
268 933
51 271
835 141
143 295
716 43
256 713
791 603
441 579
598 67
85 116
881 253
557 934
620 286
734 484
623 613
735 127
69 453
23 403
335 365
299 971
144 804
71 359
553 508
630 242
207 295
1000 605
505 451
843 359
95 498
10 816
191 943
503 841
174 118
802 679
305 732
550 765
301 17
339 162
842 311
576 503
44 309
372 90
140 864
822 332
989 213
560 859
689 531
266 218
713 179
751 463
703 552
138 241
978 217
655 661
413 778
824 655
457 734
522 378
476 376
73 526
444 931
319 49
765 449
397 871
59 604
388 894
462 523
488 386
53 118
76 185
372 828
982 189
550 86
821 113
308 36
185 964
407 400
941 824
502 790
393 226
288 24
458 472
667 219
678 900
865 643
976 292
818 571
565 286
622 865
398 879
131 336
425 947
691 424
13 876
160 288
252 926
184 422
350 503
758 400
575 762
582 864
299 823
502 210
597 817
2 334
993 257
757 856
98 487
135 558
553 105
939 904
303 698
344 970
671 677
405 341
207 89
983 648
620 198
126 139
988 290
165 629
663 474
832 990
816 499
654 523
125 337
343 670
42 871
25 83
345 814
841 913
885 504
135 3
301 791
491 681
646 661
632 89
497 474
835 532
376 919
206 276
585 357
932 542
565 30
209 9
870 326
599 796
376 518
251 754
803 267
823 852
517 537
935 318
367 200
828 846
603 896
254 634
368 517
384 826
276 888
850 677
924 956
765 342
358 916
342 9
988 571
114 104
596 996
601 586
503 62
397 621
612 78
597 510
134 404
64 695
341 176
899 516
331 70
977 968
131 705
209 614
820 2
606 766
255 751
691 279
144 946
197 869
296 269
332 265
134 833
588 224
139 250
674 714
507 615
255 461
406 449
779 857
31 572
896 987
344 136
255 82
169 291
377 192
729 283
586 436
678 364
918 479
848 647
559 475
969 405
788 831
382 162
454 351
316 276
249 879
31 227
267 123
704 245
408 306
742 285
615 993
94 279
744 771
935 926
85 943
867 21
453 447
823 922
2 696
906 962
250 980
604 235
72 428
971 808
698 96
239 64
475 211
544 838
462 673
817 374
730 689
507 264
492 732
906 36
411 590
614 916
33 432
713 566
551 786
336 15
467 855
260 264
427 361
13 752
255 941
275 205
389 829
783 109
198 583
164 755
436 376
222 329
494 434
557 606
62 150
890 511
835 402
178 915
271 430
802 149
792 639
796 31
501 271
763 212
340 131
431 52
490 528
246 70
645 356
900 493
633 704
761 507
173 541
430 372
383 61
98 60
279 81
246 236
672 499
497 931
227 529
932 605
163 377
535 497
496 766
480 211
813 751
970 585
134 972
849 667
463 443
818 150
98 457
876 416
111 629
318 817
945 25
858 778
414 356
396 727
77 406
597 652
249 613
724 91
125 394
162 372
239 134
188 704
525 767
929 478
470 958
437 175
534 375
676 602
923 780
690 529
50 688
487 965
271 808
537 130
171 396
893 231
52 441
772 914
220 631
459 393
557 336
928 624
995 440
595 722
341 790
12 986
34 894
534 947
424 606
42 405
552 232
852 646
449 445
859 374
826 629
226 286
846 624
218 160
393 342
359 999
530 273
436 348
934 503
532 438
79 597
303 646
541 288
715 117
643 464
554 189
690 74
649 839
818 886
321 822
914 293
934 800
442 610
648 393
693 207
635 299
874 545
714 182
986 691
36 926
974 764
98 435
425 641
926 867
881 359
571 624
643 31
718 705
723 813
923 319
512 834
310 375
686 18
671 858
145 556
148 389
404 879
79 175
177 403
819 540
954 317
244 413
504 322
33 572
909 563
244 240
451 467
443 417
873 436
90 950
94 982
171 347
390 251
67 410
641 95
789 975
814 626
410 892
964 315
566 19
381 471
823 736
347 299
422 315
404 274
208 115
928 138
546 71
509 627
960 877
613 109
537 345
100 860
161 412
215 705
609 798
518 432
332 99
138 932
803 938
902 953
38 213
355 83
251 130
661 697
296 387
180 212
955 980
960 698
198 286
550 195
837 502
522 608
283 60
948 314
52 759
1 867
808 397
425 963
42 213
69 404
379 382
344 173
459 684
62 144
305 774
70 6
880 190
623 862
828 182
633 986
496 518
745 641
27 718
182 366
230 779
926 633
766 376
953 701
349 360
850 207
997 652
375 744
49 116
509 98
55 442
873 261
924 990
98 923
944 487
46 683
362 772
185 773
341 650
451 70
896 201
953 264
863 885
202 828
594 490
651 113
559 856
161 237
896 120
711 726
586 745
200 420
589 182
722 473
377 937
955 286
722 763
905 41
122 991
319 667
69 820
825 258
511 739
294 79
133 195
482 487
381 831
60 392
258 543
360 614
587 409
921 797
355 513
578 252
94 641
729 120
86 463
622 749
970 370
348 546
204 574
596 264
579 730
142 508
535 383
258 201
938 615
808 135
274 607
245 504
581 382
857 766
788 403
568 519
491 840
623 995
623 543
937 831
888 292
904 521
840 391
748 368
898 59
700 243
4 276
279 496
46 485
340 514
215 502
509 149
297 817
561 428
872 260
968 442
572 804
8 855
738 884
172 90
45 228
492 720
259 576
695 174
698 254
1 70
862 933
665 495
149 198
423 299
410 658
205 799
72 429
125 872
261 301
869 216
431 925
142 544
289 956
487 817
828 851
281 528
121 977
712 236
108 909
223 492
902 185
280 344
525 770
911 133
308 110
608 444
868 102
869 267
636 10
599 246
402 38
989 994
777 50
523 530
277 721
545 802
256 751
666 794
829 766
77 633
526 774
229 654
359 595
783 157
573 889
293 417
705 929
243 798
482 122
839 90
610 894
689 936
208 534
929 554
948 498
753 878
972 456
169 397
939 657
993 328
666 734
773 538
460 779
107 70
526 549
575 787
833 499
992 895
81 560
387 753
631 536
28 741
358 164
163 86
204 2
257 141
296 693
499 462
262 414
562 144
927 291
916 285
817 38
727 575
638 206
196 37
141 612
71 999
489 383
32 319
774 404
278 583
263 145
391 988
886 519
451 113
128 188
298 740
975 674
120 358
450 299
379 499
73 528
612 707
119 461
798 56
747 217
703 869
941 560
484 45
506 613
267 513
659 259
266 909
522 9
225 927
787 40
986 90
159 644
994 609
636 46
412 32
712 486
553 550
772 320
613 810
706 220
393 341
325 658
677 461
824 15
743 892
688 611
127 491
228 292
311 752
759 246
796 391
517 37
283 448
892 580
179 147
553 482
348 746
758 37
425 887
284 83
13 40
862 7
153 925
80 843
706 563
835 973
729 338
658 942
400 66
255 250
774 820
421 596
760 440
705 457
376 449
876 374
770 135
353 715
6 605
391 141
90 738
987 528
344 526
953 672
572 910
831 643
723 10
542 562
586 830
509 93
423 568
760 5
340 951
337 340
335 961
755 778
159 227
385 254
918 960
85 783
46 767
820 726
291 167
618 385
746 218
343 56
492 662
309 504
955 442
812 481
906 106
357 460
87 240
419 745
459 436
332 190
833 615
564 497
147 714
68 640
108 981
631 427
544 621
462 952
981 648
229 915
476 960
627 256
648 923
703 127
173 566
123 97
344 370
320 952
90 410
900 241
446 493
848 930
479 108
393 369
692 115
855 897
161 765
56 405
260 231
655 414
346 546
221 598
166 249
48 448
27 133
464 985
619 102
394 212
642 973
347 948
170 647
692 768
948 426
217 416
736 752
473 974
827 555
442 519
814 279
528 652
891 672
71 474
348 893
700 394
60 41
207 170
581 409
602 932
396 43
109 692
292 148
349 69
649 685
837 176
128 228
604 332
568 299
111 684
519 757
211 378
858 707
270 877
931 21
292 985
367 391
528 231
750 956
805 645
244 353
997 877
279 802
855 259
354 646
604 1
197 597
826 7
862 857
154 696
854 601
911 330
200 342
228 140
764 846
86 806
768 35
364 572
826 345
974 337
177 971
786 955
623 106
42 475
170 148
450 932
640 412
915 18
772 649
294 253
516 346
365 668
639 785
381 845
494 404
399 913
632 757
639 742
130 584
496 8
476 228
873 670
307 590
87 652
454 145
184 469
496 103
350 70
30 280
347 912
210 572
959 697
283 392
726 668
676 417
697 906
93 273
809 64
210 719
671 622
415 300
878 954
457 126
31 826
261 950
293 714
728 991
309 858
44 473
829 231
567 815
288 831
537 360
240 600
176 247
408 308
834 958
250 641
201 323
862 648
206 236
304 84
811 551
354 966
372 259
979 797
102 924
358 362
15 575
573 717
408 65
797 761
67 452
732 466
419 579
87 14
659 633
987 4
972 720
320 791
337 975
247 324
485 351
161 121
398 382
98 603
882 165
792 133
601 114
850 647
589 42
494 602
935 2
498 813
963 845
621 345
712 707
189 301
574 928
596 728
506 2
344 473
930 608
327 240
540 999
389 989
485 868
397 450
622 981
934 171
352 595
114 590
846 696
448 38
707 670
933 97
809 19
649 954
945 501
668 287
677 108
611 232
754 736
774 841
483 847
407 892
16 23
839 921
127 923
883 601
558 195
10 637
885 510
92 465
864 314
610 274
634 668
516 670
89 114
568 770
384 265
774 506
500 813
12 257
819 947
642 136
606 617
58 67
849 468
104 669
232 466
506 785
436 708
418 91
771 581
817 263
727 284
730 736
784 456
162 84
521 523
744 476
962 399
581 695
544 10
774 70
668 733
315 943
251 813
34 781
271 968
916 403
76 144
561 996
449 258
13 641
105 416
470 970
274 175
882 88
545 986
360 882
109 105
825 200
631 228
243 735
123 53
56 506
75 438
351 77
711 221
531 139
74 738
312 505
592 363
267 825
995 118
135 460
790 519
335 366
794 721
681 52
735 905
437 854
477 905
829 84
188 92
796 771
657 67
235 91
127 89
168 16
11 281
16 484
897 621
861 852
843 489
978 656
226 493
230 301
603 773
231 124
24 542
6 594
334 383
993 166
77 440
611 704
371 103
768 651
805 736
960 462
811 623
243 33
941 480
135 425
629 336
76 583
884 222
120 387
564 732
765 109
93 592
831 326
284 651
855 92
273 54
926 249
530 574
927 576
328 558
238 49
938 299
441 785
320 718
845 19
565 968
413 331
74 981
471 693
574 798
132 245
190 7
247 82
29 155
622 10
34 755
648 875
248 783
363 462
204 822
260 224
799 476
869 548
249 427
530 130
658 463
79 555
722 966
140 413
532 571
348 600
386 829
197 365
749 304
770 983
519 816
207 260
118 993
619 844
217 769
487 20
126 428
53 890
865 332
23 150
939 873
905 681
301 336
213 516
680 103
364 496
862 371
573 228
421 631
461 522
852 429
653 140
434 706
453 166
789 444
499 280
172 338
562 198
546 707
763 843
366 616
394 596
187 119
177 445
196 495
16 893
449 797
505 905
858 916
551 692
519 410
764 617
16 539
112 948
497 954
149 273
104 210
447 28
802 253
155 973
800 518
379 299
180 296
327 715
807 253
975 540
708 774
124 93
87 331
169 586
632 536
744 50
693 103
915 21
355 992
61 496
86 112
273 821
237 508
97 681
367 649
425 242
762 685
375 402
577 875
237 397
632 869
708 730
36 611
109 851
57 584
118 35
148 916
494 433
867 200
705 229
847 205
804 767
737 692
478 314
799 548
823 418
827 935
644 791
519 933
704 42
357 540
249 899
800 509
710 16
16 44
254 364
182 473
164 124
810 714
575 846
323 533
123 775
841 956
58 330
774 652
41 536
371 257
278 863
816 402
203 614
858 821
72 866
378 243
921 121
451 219
963 466
457 939
603 619
457 953
774 430
996 618
633 304
262 210
279 720
927 196
452 228
628 125
846 44
793 160
298 526
488 144
343 114
626 618
997 17
708 68
871 568
363 957
949 862
876 914
698 478
772 953
664 34
578 632
265 185
730 815
158 204
312 252
225 881
32 267
252 430
6 236
119 190
229 938
808 779
825 179
313 391
941 893
273 22
548 929
381 848
187 823
403 370
501 411
835 407
718 46
288 178
199 36
888 791
946 395
184 498
838 276
803 329
531 332
628 840
807 523
848 568
384 408
800 85
49 613
47 502
175 173
605 424
787 551
990 226
115 676
649 522
120 718
517 353
464 860
197 517
776 387
460 916
780 507
50 152
145 692
23 847
653 212
361 326
841 76
219 928
662 98
667 984
887 829
46 263
585 119
664 578
387 913
896 405
128 783
444 930
510 323
423 376
885 445
931 189
310 170
348 281
591 335
99 901
595 776
888 254
101 255
56 976
280 152
501 906
161 171
125 858
935 451
707 96
929 193
911 362
436 906
350 560
264 795
262 762
19 295
238 133
940 322
267 737
56 12
754 159
789 620
186 915
761 713
65 194
914 478
536 106
28 97
985 2
222 443
244 663
406 674
118 248
344 37
868 903
914 145
199 921
2 503
402 849
705 60
870 726
173 638
766 903
821 590
456 526
238 688
283 129
957 414
473 342
317 831
869 882
291 860
608 407
524 273
490 420
58 544
186 629
374 555
720 984
59 182
634 334
106 231
949 673
83 125
510 157
576 459
671 747
479 215
128 892
382 475
756 204
633 383
339 388
594 950
349 547
522 407
25 465
68 93
807 506
976 958
58 325
12 950
543 460
837 687
716 560
20 15
919 909
68 320
404 430
996 256
7 771
580 71
284 644
747 702
380 61
755 219
591 577
738 919
293 547
220 965
630 884
189 626
371 595
869 496
392 204
526 563
798 820
271 198
678 734
181 990
298 199
935 197
494 271
21 901
628 361
190 969
161 258
8 395
209 638
125 674
639 826
250 674
777 473
373 664
818 567
752 319
588 909
511 814
118 196
799 813
122 11
322 473
622 724
100 452
250 719
743 576
793 264
670 718
930 907
149 521
187 714
630 210
980 5
377 40
69 290
586 412
35 494
677 35
258 147
192 765
61 167
22 107
975 179
278 961
460 988
912 11
107 401
288 789
663 470
317 662
211 399
659 931
63 523
689 200
619 395
16 894
714 365
718 365
96 204
650 757
263 74
536 550
68 34
257 405
424 256
298 555
671 135
544 964
298 595
584 192
68 945
196 142
822 78
556 158
333 19
280 161
963 164
752 945
141 908
458 804
822 388
856 879
466 519
103 766
181 16
879 105
59 636
55 310
371 702
501 755
103 847
689 389
808 897
237 217
155 746
363 655
643 849
475 541
846 572
423 981
394 557
306 847
385 934
705 809
407 289
255 296
30 600
514 881
75 113
350 181
338 741
66 788
787 812
813 852
173 565
196 874
892 543
984 103
572 413
511 83
994 107
911 516
218 877
115 715
149 670
921 429
156 602
766 697
516 490
641 687
789 479
679 927
13 25
154 806
706 795
342 305
514 70
182 248
58 314
304 596
345 782
237 744
879 713
813 75
949 955
606 514
516 814
573 715
423 292
262 98
279 832
466 969
858 455
939 827
662 387
851 582
746 272
507 268
254 523
773 399
722 297
685 691
299 120
851 567
840 720
609 633
574 757
833 557
53 170
125 784
424 614
669 112
48 614
892 127
346 855
366 274
756 926
26 841
248 985
501 489
180 210
222 333
761 669
504 160
155 276
786 206
92 841
401 116
183 885
226 899
208 634
523 757
286 953
268 668
216 149
144 914
974 608
226 114
285 651
307 495
970 149
843 225
520 220
938 695
649 952
300 668
89 683
809 162
131 813
580 891
249 45
243 615
143 819
614 526
373 148
451 566
527 601
344 902
920 865
245 330
488 561
31 195
310 286
496 976
667 987
432 424
766 439
548 78
822 357
742 528
823 212
291 511
918 840
409 872
928 968
727 568
254 250
236 801
722 88
12 402
231 542
452 217
91 395
989 494
168 656
133 674
280 106
46 593
207 805
858 872
695 316
976 866
43 189
81 2
806 538
328 677
648 644
168 974
372 694
835 54
376 689
133 173
250 622
151 672
855 152
664 331
396 270
974 770
898 787
243 560
247 72
85 285
762 627
389 797
377 727
764 453
657 517
216 339
14 138
857 889
647 914
491 312
929 602
147 517
810 335
313 749
633 736
743 607
230 630
178 149
861 944
199 809
614 712
818 965
322 660
821 766
326 180
519 863
276 640
780 265
197 425
885 92
745 681
173 176
583 485
567 992
108 346
304 917
295 669
336 978
577 692
63 641
452 408
563 534
345 932
570 707
438 175
486 379
662 325
400 754
607 641
813 2
302 421
873 303
417 337
37 884
42 942
387 797
284 999
125 27
956 645
517 671
262 42
730 706
111 73
993 608
498 62
27 187
695 433
384 851
976 221
116 608
377 800
622 302
650 229
246 578
119 240
905 356
213 379
530 591
716 209
473 486
717 187
60 642
612 87
703 120
616 18
190 5
502 875
428 650
565 71
472 810
843 877
862 235
132 134
852 533
569 237
492 228
575 259
133 380
13 790
161 611
387 225
830 855
710 505
450 515
70 856
805 411
678 155
93 409
496 461
903 770
425 967
799 701
302 383
875 331
531 391
951 534
3 62
890 656
204 613
719 159
819 384
514 430
774 900
543 421
27 853
128 652
257 808
580 706
429 42
819 350
220 209
58 692
130 201
614 417
465 734
407 535
980 814
858 863
23 28
750 865
384 324
737 106
685 138
408 330
851 222
864 810
249 688
281 541
575 661
805 561
519 263
666 201
854 656
675 29
915 746
457 620
832 608
354 771
685 829
319 195
360 496
309 473
661 180
699 865
259 812
794 599
686 601
358 574
829 899
828 826
685 735
265 236
176 433
450 48
33 24
570 865
533 347
39 38
460 121
356 186
872 431
293 343
843 635
833 354
797 199
468 707
759 712
496 188
777 107
852 553
30 601
605 783
692 679
179 947
184 361
347 759
921 748
498 633
35 734
877 187
675 713
598 255
710 485
953 684
109 994
347 917
313 805
482 180
943 33
69 372
107 193
307 259
131 81
259 164
830 941
926 812
175 376
503 671
483 159
865 366
24 954
121 206
726 637
359 124
490 509
914 523
454 321
112 391
899 485
774 755
150 57
135 963
912 104
417 590
533 616
625 767
75 666
884 860
227 807
971 434
354 503
386 498
798 407
763 966
589 530
555 654
940 956
67 312
709 137
487 591
953 447
550 875
242 782
884 225
613 493
558 358
159 505
827 113
953 296
366 215
488 33
453 877
256 167
475 813
984 689
617 587
299 123
91 253
293 617
973 247
171 69
725 630
565 925
769 744
203 884
954 676
169 932
958 228
228 385
765 742
603 247
175 447
757 388
655 61
420 578
517 60
666 870
136 82
27 288
380 604
431 66
606 468
787 843
184 500
848 939
902 648
212 450
53 435
657 100
59 462
784 221
631 758
411 461
550 376
438 934
352 291
261 919
709 297
602 923
383 366
819 939
176 832
656 58
224 92
435 8
851 41
441 628
315 293
755 645
558 416
135 49
732 147
606 620
189 936
851 263
177 340
620 696
380 821
72 126
700 545
172 71
157 315
160 513
694 66
822 55
953 324
702 585
483 437
450 342
677 949
569 276
633 217
845 127
498 106
66 358
525 813
896 267
320 741
329 414
643 795
769 756
977 873
445 819
583 749
929 910
969 512
825 205
241 54
562 808
375 423
213 440
972 187
919 412
425 200
833 219
981 67
88 782
786 51
80 524
459 857
868 459
981 52
801 406
530 44
714 977
394 40
458 19
33 376
667 461
761 410
689 661
476 24
710 301
491 89
843 229
749 730
71 498
843 285
115 642
95 504
40 214
248 289
303 751
70 174
615 838
860 320
157 810
214 933
175 417
239 594
956 186
957 751
249 810
267 391
420 367
205 751
774 144
548 99
201 280
385 65
813 1
500 780
232 418
747 261
763 481
824 806
825 595
709 735
509 448
445 318
505 867
380 857
162 4
219 221
276 247
989 497
917 148
457 435
25 772
686 467
854 561
188 34
238 474
424 882
629 523
371 823
730 882
343 165
181 58
256 367
149 476
975 928
63 58
66 330
104 41
786 595
971 469
313 227
96 733
613 104
7 547
68 531
933 529
350 957
846 550
7 688
345 35
433 640
949 328
698 348
754 272
578 98
248 641
544 446
618 867
549 675
435 127
908 518
770 547
787 899
274 338
203 376
222 36
71 321
792 858
558 941
687 11
691 76
305 825
161 829
58 595
280 402
762 187
525 237
818 121
781 67
286 547
291 203
11 712
741 847
244 169
2 29
644 604
493 65
317 173
790 185
73 400
314 878
319 830
912 984
614 128
63 922
524 152
600 590
158 938
529 566
803 467
966 525
163 880
515 487
247 118
281 285
211 604
768 793
607 922
262 23
924 890
929 266
414 210
16 685
897 212
517 515
694 691
612 647
205 215
825 954
437 388
55 629
955 587
594 265
320 702
686 713
752 657
330 735
25 691
1000 95
432 667
881 460
683 82
905 44
959 225
346 832
969 865
843 776
887 67
544 363
504 664
158 262
433 684
34 38
734 690
271 336
647 614
545 887
394 781
326 320
273 84
44 913
616 444
809 484
193 157
412 697
904 833
451 830
767 364
951 629
324 857
799 545
13 108
572 253
280 549
387 267
462 120
932 21
745 608
743 213
102 295
799 327
558 989
771 830
632 842
849 706
666 8
832 816
176 820
954 271
277 26
617 719
727 534
653 399
422 952
542 921
673 606
945 977
49 228
430 619
560 232
172 230
524 275
443 547
730 520
385 427
376 552
696 519
327 539
717 399
133 632
258 545
821 401
458 681
111 241
649 256
997 240
961 5
818 982
369 67
96 645
117 997
65 842
468 625
216 458
892 507
832 630
467 699
569 610
416 907
768 464
78 823
544 375
857 240
948 217
911 983
113 160
829 362
209 725
250 11
88 930
791 786
294 846
80 582
544 85
598 280
895 846
257 708
476 456
882 583
852 147
9 607
946 232
549 93
197 535
689 586
178 465
676 336
274 956
222 798
461 638
840 601
913 787
823 304
87 968
576 115
741 903
406 176
500 11
62 822
736 265
366 692
148 495
679 957
187 67
850 257
24 814
839 699
206 204
829 119
232 583
249 623
158 851
361 101
849 456
558 272
137 596
513 145
918 525
591 328
629 901
635 712
60 698
604 197
389 327
45 485
565 734
24 224
613 226
66 359
867 358
551 812
729 358
575 874
388 784
134 308
530 617
593 198
916 270
935 34
350 966
167 180
586 320
616 56
947 688
86 76
808 746
517 142
547 718
617 200
750 150
174 594
731 551
670 582
644 37
331 354
705 49
10 985
83 645
815 188
763 359
13 210
72 658
507 549
554 822
312 565
151 68
677 713
416 595
1 571
131 936
23 142
61 311
266 641
563 941
639 254
509 389
974 625
760 576
206 415
888 754
5 784
616 801
512 856
140 57
163 488
239 605
98 687
176 877
819 757
768 609
966 260
813 271
383 658
927 710
746 914
418 921
71 817
804 9
612 447
524 245
854 852
391 942
139 81
713 180
287 873
642 872
183 264
521 841
557 123
634 926
584 167
659 727
346 294
54 31
665 426
371 905
615 410
599 147
530 792
915 942
823 841
402 679
518 249
544 900
29 964
863 573
590 159
591 578
386 347
190 297
431 705
713 752
402 841
775 392
688 306
485 484
786 995
307 886
623 194
172 706
57 229
590 441
21 898
939 131
8 319
942 764
104 200
342 198
713 978
218 336
94 423
428 795
801 343
105 674
344 486
180 148
227 882
189 194
85 17
35 804
843 77
535 627
458 165
758 376
777 303
173 718
246 12
819 228
857 89
94 80
139 723
599 319
306 64
948 439
632 782
517 29
528 641
602 574
326 150
700 391
227 559
391 462
585 833
487 97
865 177
875 760
316 271
128 573
404 922
192 436
980 341
323 714
315 298
534 100
794 401
941 30
923 575
926 754
366 991
618 193
712 905
196 122
822 466
811 591
793 200
99 881
33 323
324 454
757 553
368 862
115 507
120 419
319 205
397 819
806 721
53 255
534 531
522 395
447 254
52 238
952 308
474 184
133 43
247 413
583 551
158 502
34 672
865 966
494 302
223 148
169 126
742 752
302 733
359 980
660 707
97 685
977 961
669 907
104 435
203 337
860 794
960 668
703 380
946 483
27 100
318 660
468 18
910 169
145 17
592 454
886 56
355 416
156 695
31 549
162 820
605 576
477 973
957 451
26 167
46 162
467 75
783 635
355 433
184 679
472 398
206 420
373 189
156 678
453 245
274 1000
314 845
577 705
429 12
585 206
862 738
884 862
166 821
617 573
154 805
102 183
430 910
548 85
219 969
258 263
6 937
462 31
889 817
15 917
54 933
681 605
721 664
499 22
427 789
450 430
729 841
159 362
103 675
63 782
67 459
253 396
517 725
898 633
598 462
561 785
552 743
470 887
966 776
972 717
276 180
233 784
492 618
608 451
627 417
419 676
596 912
190 225
178 729
364 684
626 219
953 121
521 349
103 789
542 485
838 844
893 431
217 950
557 664
994 187
947 708
584 522
70 629
215 628
808 670
455 37
886 971
869 535
213 19
606 474
273 934
195 905
718 931
311 539
760 516
47 13
361 782
433 425
514 626
916 798
45 604
999 799
197 289
783 558
161 779
291 932
130 506
59 448
903 725
637 883
526 324
391 373
260 760
943 824
448 840
547 452
529 177
857 732
452 768
823 307
153 743
404 995
117 169
26 93
343 750
658 614
788 585
40 273
663 283
390 357
654 714
767 839
439 808
263 126
693 709
768 676
201 499
920 287
132 269
172 52
825 678
167 883
333 71
870 438
928 681
755 469
50 683
272 753
682 648
384 987
811 804
255 915
300 295
599 161
488 31
931 415
384 842
539 958
171 18
803 601
919 843
721 376
778 409
873 797
215 826
310 746
350 967
811 480
647 638
714 765
842 920
679 169
494 593
756 876
437 713
763 24
268 556
969 905
273 898
181 521
244 659
818 670
394 962
862 239
700 914
207 446
883 877
568 804
761 265
923 22
386 476
959 764
28 434
947 156
435 432
858 723
39 786
341 45
197 406
658 936
182 490
615 832
541 893
653 99
512 857
966 490
185 679
165 601
188 814
651 398
64 356
157 729
193 640
124 940
932 445
348 36
962 808
210 69
345 986
490 213
828 749
956 410
278 650
562 581
564 955
249 522
175 886
127 617
813 144
787 777
641 39
189 4
684 387
152 20
264 590
391 847
507 344
162 117
742 792
403 242
21 687
632 402
622 301
792 194
722 639
371 599
9 248
817 657
360 196
899 403
535 831
387 868
869 333
602 72
696 909
26 652
123 468
160 90
604 669
329 629
638 897
422 254
282 933
302 416
105 818
146 244
253 509
282 980
744 663
191 644
13 868
1 868
934 244
984 85
571 695
24 818
259 20
463 181
549 20
307 345
861 770
553 81
136 623
157 923
874 415
937 83
514 348
552 151
329 2
311 150
663 125
791 168
746 302
88 471
842 192
680 251
61 187
37 418
962 925
50 815
125 361
55 2
784 890
738 384
277 4
206 154
245 688
263 49
654 693
333 507
524 154
232 384
432 194
931 232
606 554
975 755
817 241
627 166
557 239
986 331
698 455
921 487
276 145
746 433
547 822
967 609
96 524
3 968
307 938
713 659
18 459
346 972
842 969
556 847
189 402
12 324
67 221
661 516
670 338
484 705
485 616
459 320
806 146
446 181
496 726
132 101
616 128
618 818
971 174
260 193
853 78
325 997
772 36
791 126
190 657
382 157
565 491
805 444
784 745
692 994
342 687
435 379
684 850
481 9
766 594
602 531
842 2
607 262
221 455
131 995
705 282
108 518
415 443
917 677
844 971
740 820
374 545
896 608
188 982
337 500
192 401
391 211
76 855
405 83
499 104
308 45
546 595
73 259
629 830
405 196
765 206
90 966
71 905
609 290
383 907
902 263
817 285
105 3
452 368
385 425
615 477
746 284
384 879
833 688
172 774
858 229
859 68
952 354
254 670
772 565
557 501
669 219
742 947
111 352
232 730
189 438
772 363
721 261
562 771
259 713
706 98
251 323
127 508
553 749
459 958
485 697
795 824
136 69
464 520
878 655
921 706
178 237
857 189
865 429
278 304
409 391
543 992
731 660
662 682
386 913
175 281
16 510
988 476
944 538
780 496
699 256
330 357
793 843
991 616
845 692
178 305
25 249
432 48
478 708
712 740
509 178
663 651
442 125
392 778
708 368
121 442
983 942
430 538
401 93
257 416
665 35
651 208
134 676
896 281
238 338
771 587
372 412
889 558
428 350
803 378
732 396
91 60
735 775
258 957
613 159
704 661
866 292
661 233
539 945
629 677
212 847
907 665
33 84
34 775
808 974
626 877
272 912
682 939
423 187
855 705
670 136
855 148
470 114
97 900
754 9
702 313
133 590
912 811
342 184
125 552
473 63
716 461
27 400
891 81
698 250
489 805
863 415
904 174
359 620
515 628
850 941
57 538
837 726
207 520
688 852
193 170
964 929
17 388
437 815
386 851
219 210
957 40
745 994
852 834
498 477
252 994
491 90
25 795
681 62
863 194
745 883
28 435
486 851
452 583
100 876
465 980
288 671
92 365
865 171
884 753
81 644
690 22
438 846
13 259
452 446
957 748
816 448
709 411
840 454
470 641
732 812
658 587
106 621
662 3
482 703
287 986
469 931
474 767
405 139
135 22
340 944
551 654
882 59
850 5
244 276
686 359
817 212
185 866
43 268
815 986
266 37
158 111
922 881
682 621
684 19
647 409
501 873
928 549
11 379
219 508
332 181
792 561
890 891
946 953
950 741
39 62
260 313
99 275
742 635
583 573
30 327
363 678
593 57
364 757
517 863
609 790
259 611
464 291
490 815
494 387
887 120
47 881
618 991
412 434
507 884
180 150
934 11
203 31
921 447
800 446
691 258
854 210
398 884
791 743
939 560
647 771
959 573
728 317
415 531
403 77
972 440
154 267
562 700
827 544
370 909
192 121
378 860
252 885
183 821
735 888
173 383
943 879
710 46
603 768
740 785
897 764
681 325
22 479
408 479
887 883
250 628
841 15
624 393
399 739
404 779
997 692
694 380
988 89
157 742
698 529
154 993
448 918
871 812
675 1
268 815
537 32
480 735
565 626
893 69
231 546
471 19
706 268
149 283
280 166
138 12
824 547
639 845
290 451
458 801
247 377
263 500
546 240
587 750
952 327
282 312
627 455
60 860
638 709
459 294
852 733
650 133
178 642
394 583
125 639
494 300
616 114
949 312
570 591
375 360
527 31
105 668
271 349
57 993
539 421
208 659
319 609
677 287
435 92
4 207
922 598
333 773
947 57
141 569
53 646
203 281
80 748
743 611
139 753
302 159
801 716
235 904
809 73
131 85
101 815
925 867
355 108
487 54
770 804
883 725
791 94
960 90
245 448
257 782
99 297
952 898
527 576
482 517
945 155
853 626
505 732
69 35
732 869
714 424
954 411
457 833
990 437
573 561
810 839
326 287
23 918
409 998
706 788
839 720
516 757
385 29
918 161
131 529
206 247
559 689
945 69
413 935
452 83
6 830
964 54
197 929
552 688
718 253
242 778
600 732
983 235
529 672
414 162
96 459
258 982
152 77
674 494
802 27
237 918
55 549
811 843
993 684
511 987
65 557
492 612
759 678
834 795
997 253
545 468
506 822
380 209
80 890
431 223
564 295
285 834
17 748
492 266
18 196
742 658
378 353
416 910
808 640
712 26
938 15
612 250
363 396
308 315
768 407
848 784
705 953
653 697
606 363
757 965
667 485
450 586
891 771
340 251
344 254
587 10
218 731
644 979
576 825
908 856
286 860
309 415
239 868
41 819
300 552
136 601
601 267
32 538
966 125
73 226
753 576
708 439
97 228
139 507
828 485
116 439
791 770
406 183
176 836
799 292
983 587
123 825
287 80
390 347
541 953
488 581
106 28
159 42
399 731
704 345
798 503
84 555
837 403
270 812
492 900
273 451
293 838
650 281
393 816
726 414
183 455
523 106
487 845
459 384
721 53
409 300
228 67
87 152
803 643
238 28
886 664
194 832
742 604
618 710
273 725
51 761
517 913
482 325
360 889
561 946
877 972
949 463
473 62
554 497
721 352
1000 297
677 501
113 240
61 880
407 356
669 881
433 745
913 295
108 429
880 350
482 22
869 922
356 547
13 894
269 212
622 706
810 328
648 35
776 248
568 378
677 71
739 499
478 357
490 287
558 891
201 960
18 758
934 936
260 591
887 584
514 374
533 714
880 794
662 806
154 121
340 364
412 155
163 493
400 969
815 595
215 449
969 37
555 812
277 238
922 306
62 928
486 156
145 948
900 812
261 570
923 709
583 821
802 782
695 121
232 721
156 187
280 988
888 177
816 190
814 665
603 710
345 762
214 779
864 170
901 635
962 635
11 237
937 815
384 953
377 639
962 490
300 261
263 716
195 489
379 260
203 978
440 820
146 254
404 283
741 94
215 875
381 607
185 428
646 227
886 740
851 867
582 875
752 599
659 30
367 626
66 168
1000 261
764 486
433 644
677 489
734 730
695 880
40 344
578 126
502 14
543 812
985 96
531 172
753 972
554 247
661 817
95 149
226 68
578 145
209 786
374 116
946 333
144 991
752 132
326 491
734 500
177 259
84 201
321 745
857 975
308 529
919 243
48 861
549 18
164 240
956 116
964 731
374 641
984 373
732 531
737 899
554 587
793 657
166 701
971 983
297 546
836 593
280 945
190 456
511 505
921 245
147 867
875 906
141 450
497 704
519 749
229 281
81 781
291 442
699 41
827 92
958 441
757 275
335 941
983 849
752 315
722 29
814 693
253 485
205 66
336 511
482 11
86 719
42 919
916 124
241 438
573 899
6 12
57 503
336 376
181 26
826 353
416 133
34 844
109 264
437 305
208 999
156 351
543 605
125 638
826 579
994 545
591 833
652 927
51 975
468 712
513 523
848 920
874 938
587 259
311 643
147 866
423 561
877 182
166 285
351 787
744 757
230 928
614 864
877 327
610 194
661 966
957 111
740 577
45 629
687 954
198 29
400 228
165 940
849 907
154 600
743 499
102 505
710 248
969 306
30 31
283 686
282 856
897 686
625 609
348 968
315 241
244 137
743 209
693 972
260 973
157 671
33 913
361 508
489 183
568 878
141 953
25 53
559 688
357 840
101 772
747 449
309 358
550 876
718 194
42 611
849 369
849 34
229 31
360 322
203 700
889 507
829 859
841 614
988 755
256 188
845 86
114 160
530 750
473 263
272 950
76 356
190 9
586 445
119 383
971 401
347 411
755 262
901 486
691 558
873 951
730 72
878 448
346 849
20 402
593 304
21 967
711 352
552 399
234 906
169 841
62 156
619 705
328 564
425 96
33 11
407 176
204 483
326 416
75 224
347 839
4 172
53 120
819 33
360 730
87 793
257 728
554 862
278 310
490 312
952 621
421 726
39 875
888 619
406 106
64 125
463 111
6 735
886 293
634 450
136 553
847 558
415 409
76 919
774 720
121 350
68 307
400 893
475 467
498 768
277 201
500 902
600 492
448 617
250 685
714 348
418 881
548 781
171 587
879 971
49 171
718 175
529 868
975 260
872 635
500 676
603 765
346 334
93 145
156 137
756 260
232 248
158 128
444 236
147 369
325 404
702 477
356 286
778 53
263 575
251 805
531 727
425 384
225 918
713 77
640 429
567 894
365 102
80 218
303 336
494 485
655 43
407 504
137 246
854 69
987 997
645 86
268 559
969 910
735 211
826 861
350 119
653 732
122 254
620 273
602 260
105 996
955 63
226 16
779 778
385 907
924 465
545 940
284 66
568 379
930 894
817 782
539 138
80 693
652 491
289 710
469 621
697 970
257 597
165 868
227 567
653 15
396 56
533 713
36 23
103 341
311 143
295 772
560 665
826 653
231 116
69 105
182 408
409 44
653 241
638 305
679 358
651 272
306 623
624 510
456 64
699 12
976 663
560 854
667 554
671 93
49 215
784 270
181 498
853 814
20 804
318 565
968 74
452 315
497 918
388 579
777 679
697 664
842 766
882 259
632 294
389 423
500 606
444 836
343 160
674 134
768 207
312 187
475 665
309 396
928 261
536 639
161 426
510 909
96 833
170 72
322 159
30 724
604 745
524 126
123 489
623 428
660 666
795 885
945 807
981 98
44 863
711 185
400 475
473 827
471 768
554 244
432 894
722 958
619 550
122 18
120 375
623 642
757 953
900 431
383 126
442 524
169 460
852 215
257 945
45 818
435 318
653 51
532 656
605 282
455 963
153 241
740 787
355 733
287 154
474 959
628 732
577 618
10 573
282 262
46 471
84 654
197 169
185 561
171 514
297 707
864 811
399 530
736 164
581 964
49 243
513 172
551 684
478 956
251 542
836 703
722 173
280 168
669 466
409 747
86 716
557 381
264 764
854 705
926 178
258 140
555 356
994 988
977 138
712 329
877 881
398 522
772 739
755 301
389 189
82 961
782 444
217 862
569 49
863 307
475 530
496 676
226 660
726 233
769 371
964 694
921 969
1 955
933 786
208 661
743 703
394 822
950 771
312 659
574 239
264 869
139 866
691 401
196 849
948 480
198 131
182 772
592 442
683 533
361 935
677 127
112 223
719 468
149 852
905 636
869 461
196 631
583 133
93 153
735 862
154 15
83 415
121 208
526 287
353 926
37 498
408 548
22 14
301 61
999 42
197 252
491 979
666 21
940 660
409 996
550 758
941 966
785 385
168 413
387 957
780 188
181 441
399 630
444 681
280 650
897 105
756 434
478 920
742 197
732 427
7 579
59 691
413 120
566 38
935 471
186 306
594 343
152 510
560 459
212 822
158 308
111 252
631 501
116 678
9 164
717 236
941 225
516 561
488 340
786 807
143 422
751 829
184 45
293 373
904 294
282 710
47 954
138 610
178 569
868 334
190 854
959 813
783 231
647 820
670 623
393 324
985 95
532 156
239 896
264 306
249 212
325 855
809 26
62 590
586 332
252 840
593 780
765 553
671 565
784 871
624 102
272 11
18 547
75 606
116 258
836 539
904 88
969 446
330 352
738 357
904 559
819 668
309 566
150 334
689 184
227 841
693 848
470 747
864 418
628 443
542 372
168 633
685 204
894 66
507 979
633 468
707 957
889 578
994 149
45 335
546 340
582 638
875 512
306 829
38 536
129 796
996 276
724 731
983 126
252 228
555 287
190 310
945 547
513 807
364 637
740 224
371 639
872 56
461 67
437 164
717 144
994 631
318 37
191 313
804 788
218 377
347 535
789 628
721 358
260 102
674 948
622 998
569 218
471 910
481 650
762 749
929 527
747 62
268 552
329 558
290 828
762 860
853 3
430 300
235 820
363 251
878 686
383 244
779 781
981 175
965 746
732 747
606 212
202 6
365 570
477 896
317 823
729 303
821 711
537 924
558 778
481 54
852 35
343 835
641 974
453 56
524 502
753 610
224 272
900 633
336 826
979 160
338 232
598 650
857 572
767 1
842 168
477 211
279 477
373 482
428 364
783 461
168 795
803 172
879 2
736 153
24 261
617 650
500 778
345 847
570 272
384 157
628 14
495 17
902 307
650 680
216 988
103 492
305 445
112 897
849 184
190 381
85 646
546 376
214 490
552 537
991 693
873 189
190 323
615 814
507 461
328 712
811 149
333 329
959 21
651 812
502 576
546 90
228 93
702 329
995 449
613 914
191 957
624 516
507 152
843 866
385 850
406 612
122 817
549 732
967 189
57 970
557 877
155 469
446 756
813 414
997 196
127 433
308 765
57 676
9 521
417 1000
270 292
277 588
662 924
430 42
892 721
917 540
168 245
131 907
303 649
89 533
706 924
512 825
505 709
692 735
468 568
783 768
366 646
975 829
885 170
689 887
486 47
489 217
771 857
314 916
172 474
709 475
157 554
841 925
660 455
59 968
980 560
672 865
346 404
428 146
690 637
825 738
717 276
519 34
410 820
765 8
693 475
217 530
882 292
609 740
518 222
42 687
647 510
391 572
608 316
556 948
63 722
816 777
51 516
488 490
949 99
787 376
347 433
475 740
313 257
579 250
962 238
108 578
329 827
436 249
990 544
204 109
66 74
322 224
105 752
549 623
215 623
952 23
294 122
223 32
902 901
356 391
998 978
35 886
570 573
682 19
957 139
155 433
339 716
907 878
749 489
902 679
132 99
304 804
291 574
777 402
23 495
669 601
362 393
895 801
435 383
644 905
349 157
994 210
781 16
698 734
571 580
292 35
365 659
738 239
791 91
135 919
980 144
981 441
552 119
236 640
610 405
611 980
27 679
139 289
598 933
433 76
722 821
387 559
979 969
34 320
305 138
680 362
935 914
37 723
543 217
638 217
324 1
733 251
607 710
422 946
560 799
120 230
402 306
523 707
970 622
646 877
689 462
817 273
584 228
675 143
419 589
96 462
495 446
465 255
438 475
712 136
567 282
237 915
60 908
670 603
376 669
788 371
588 442
881 640
985 171
93 761
554 734
967 15
574 844
702 257
830 474
426 4
86 58
911 63
541 14
9 901
854 63
268 950
327 85
420 585
972 142
889 93
886 972
961 443
9 790
618 786
199 892
682 503
633 611
464 524
818 759
32 192
605 669
53 630
685 494
829 469
56 561
908 964
932 562
61 123
990 88
518 947
528 703
491 269
469 599
53 776
757 228
938 590
64 127
698 754
609 37
934 530
205 994
831 946
957 339
392 467
340 331
823 270
704 190
776 539
262 506
465 654
232 687
250 568
70 359
584 71
681 642
511 435
495 798
650 595
634 245
617 540
10 498
121 461
512 912
940 776
119 819
326 671
885 644
292 539
978 230
343 755
324 500
219 246
923 792
375 971
253 427
399 363
155 799
262 977
413 91
72 323
950 354
441 914
149 449
834 715
363 801
860 411
875 191
117 74
294 337
483 152
543 646
530 611
342 77
894 622
180 257
40 747
316 616
388 173
941 967
236 371
910 302
217 917
859 322
273 859
682 201
99 473
282 731
337 604
640 61
752 445
365 134
630 434
830 208
812 971
1000 699
527 80
397 395
863 40
244 664
540 989
887 438
448 493
431 220
127 365
933 186
368 148
110 934
264 303
771 416
649 655
95 336
62 619
504 803
816 734
992 968
836 745
799 487
286 718
951 296
594 551
760 451
745 645
653 158
644 681
849 755
405 437
409 50
746 781
763 697
784 98
345 940
767 145
438 167
323 869
766 475
515 355
167 556
168 598
462 88
672 838
823 929
280 991
868 193
390 100
391 821
855 368
362 679
932 751
238 370
996 442
814 527
260 434
858 391
966 826
401 718
73 569
298 862
262 957
618 263
67 23
509 619
532 923
169 715
332 177
808 942
5 230
703 19
100 36
247 439
752 763
610 761
349 265
425 371
906 450
122 975
468 695
89 190
752 586
413 561
660 821
518 319
544 326
672 139
125 263
854 103
969 991
75 76
592 178
356 627
599 401
60 757
420 784
999 126
616 327
355 317
781 265
305 592
491 429
648 800
352 533
577 44
616 470
397 145
532 700
115 758
574 467
153 981
390 986
102 464
28 403
677 42
183 817
535 476
23 168
391 452
799 475
620 164
761 700
73 191
858 683
168 133
297 551
905 250
778 584
110 793
58 700
774 670
866 727
903 318
228 748
909 873
550 613
119 842
339 314
710 863
935 638
58 414
685 19
906 832
779 466
915 754
771 630
388 658
147 461
510 531
208 301
315 515
432 805
307 659
414 213
419 545
794 607
341 438
601 699
124 480
324 738
678 529
219 476
57 41
686 720
307 945
694 815
916 349
413 782
385 659
152 642
775 490
122 624
599 230
657 667
660 858
717 855
384 597
624 545
329 651
298 374
373 722
728 511
356 384
29 486
436 280
424 288
812 915
83 613
527 136
532 626
93 501
57 711
41 74
939 673
415 640
575 535
934 868
921 523
39 832
886 429
545 731
458 271
200 840
509 470
714 69
398 656
349 446
978 334
101 525
301 59
619 64
858 904
445 329
520 613
945 683
140 846
913 586
642 8
664 624
628 417
810 978
651 346
590 74
106 439
720 711
202 610
243 114
280 1000
872 514
128 172
456 233
651 56
814 724
711 904
172 807
505 796
803 760
453 708
21 368
78 211
560 126
63 133
724 705
543 399
376 559
379 336
789 779
294 475
479 981
9 345
191 33
266 328
512 96
507 500
788 213
38 988
241 288
574 738
650 210
92 724
892 1
216 546
548 757
797 468
200 603
311 941
886 401
848 103
881 481
422 89
243 716
338 924
899 663
502 939
178 565
511 651
187 833
636 252
498 661
853 109
430 278
44 876
423 679
627 769
443 758
460 680
616 558
283 353
128 308
899 43
774 949
187 269
813 593
600 34
853 304
639 195
931 666
71 407
442 437
244 889
909 207
433 30
755 623
131 851
978 306
340 699
954 443
917 309
421 902
500 897
491 590
989 195
991 885
33 547
720 675
258 660
427 887
488 871
470 971
287 771
647 729
737 372
647 35
225 600
281 478
747 575
505 824
785 798
272 759
85 593
954 438
811 171
439 746
816 835
711 658
549 289
756 549
315 321
865 919
755 487
133 109
482 321
119 148
838 930
344 354
342 189
553 530
904 196
296 665
142 68
843 969
670 272
352 876
452 63
170 260
701 513
139 863
213 162
730 508
660 750
231 859
779 783
597 12
815 69
191 767
276 269
844 731
554 960
331 359
306 185
478 395
338 230
308 347
528 158
206 47
254 466
400 973
954 492
735 545
758 834
804 110
842 313
756 167
386 259
872 956
917 81
871 182
16 780
76 660
497 681
115 198
885 502
409 851
818 401
276 421
918 988
971 909
408 21
444 851
988 912
595 814
335 747
746 206
765 98
586 663
327 587
863 917
366 151
920 31
860 21
226 358
752 798
556 978
835 29
637 153
160 771
948 336
273 548
699 570
4 668
833 492
940 448
941 921
411 690
472 900
513 690
129 649
481 970
212 590
800 945
817 885
659 118
312 779
791 653
759 150
748 814
749 3
473 824
367 73
717 613
631 995
787 907
936 335
865 639
645 361
549 909
58 1000
109 441
114 952
135 540
83 279
581 508
966 46
164 252
936 109
130 444
88 62
706 619
687 959
308 819
188 857
652 232
582 105
905 400
576 434
245 265
447 589
233 305
159 89
501 51
353 888
618 164
504 508
751 384
145 916
96 198
560 885
443 363
248 452
349 541
522 433
760 924
228 850
693 424
125 54
340 412
889 745
452 425
788 67
209 148
212 797
564 554
894 709
551 150
261 513
119 318
66 422
963 972
986 119
968 982
91 793
555 246
229 239
657 666
964 546
623 239
200 655
521 187
43 811
299 325
4 750
255 524
920 567
226 770
243 864
134 529
356 385
839 468
678 978
722 782
852 929
464 475
526 166
359 691
145 121
777 332
191 678
639 180
305 716
532 849
867 322
887 671
231 219
400 119
506 727
538 261
158 562
606 972
125 959
455 928
847 418
206 478
387 640
563 795
747 22
158 627
168 497
760 363
432 390
803 153
71 865
665 216
945 359
921 70
186 549
427 765
232 595
705 755
656 501
583 539
268 140
341 704
306 645
290 30
914 964
989 384
297 990
787 494
745 164
196 212
859 956
915 638
916 173
681 864
223 573
774 199
176 360
659 389
860 258
823 654
185 14
294 472
901 704
872 432
265 166
232 47
747 845
371 612
962 321
764 213
855 142
364 683
207 879
901 101
450 924
731 309
146 389
476 924
451 379
436 334
94 358
296 441
518 260
852 598
564 66
150 358
571 934
826 837
278 488
705 956
62 275
981 39
486 591
126 678
588 975
717 557
356 481
722 901
837 91
308 550
827 766
274 658
776 336
246 254
783 567
994 244
92 647
112 333
432 956
584 617
118 855
671 711
729 498
602 864
182 432
55 162
723 140
410 263
567 775
509 219
442 148
818 283
47 225
263 119
933 805
747 272
897 985
609 471
244 318
800 62
949 997
608 41
452 153
348 492
205 437
498 385
744 441
499 849
765 93
177 732
180 812
422 702
519 100
679 476
206 865
173 752
417 281
422 265
648 112
501 768
485 359
893 362
513 804
794 684
401 514
418 416
717 60
669 185
392 219
104 69
180 410
329 864
806 498
937 609
174 732
132 261
43 994
299 380
281 793
198 514
514 264
682 736
402 127
812 566
687 570
969 564
785 871
477 586
591 938
869 564
170 674
754 372
964 943
14 434
532 555
112 60
790 531
882 528
313 763
209 954
657 174
141 21
967 393
515 792
701 61
403 998
740 517
706 661
174 935
710 181
715 321
623 840
633 968
83 491
84 912
639 230
509 413
537 530
478 392
705 452
373 382
598 649
32 682
185 203
864 355
810 466
511 448
957 742
778 142
896 558
996 279
426 725
392 861
619 408
906 682
465 394
546 405
230 138
309 297
770 301
408 22
232 314
343 35
585 378
290 70
972 558
187 743
955 344
911 624
650 294
281 441
252 148
641 169
163 957
740 985
591 421
239 511
423 119
889 385
580 74
11 369
343 188
839 824
128 435
312 208
204 358
439 713
7 901
446 191
232 103
52 274
869 485
692 290
985 728
270 248
18 369
238 172
630 754
425 369
869 374
1 639
86 96
492 335
855 61
973 408
628 538
800 946
303 225
674 983
773 287
311 698
682 58
645 182
303 86
235 644
201 564
953 45
231 8
347 786
386 670
832 498
703 465
602 740
623 654
628 868
511 928
957 70
226 48
157 93
895 782
986 758
18 836
202 57
79 861
705 134
46 142
653 990
47 435
359 509
490 380
849 819
667 206
634 407
597 769
874 390
109 647
917 650
111 197
41 927
917 682
575 862
779 665
943 986
50 855
433 37
966 457
842 203
20 515
203 390
443 140
390 661
589 659
625 858
475 436
774 559
525 343
181 417
938 202
497 596
629 803
97 370
443 362
262 226
396 540
950 159
880 711
314 245
172 364
38 877
547 527
584 203
841 764
24 2
395 408
215 36
256 213
609 761
518 221
276 152
741 492
285 86
217 640
15 381
806 600
989 718
355 782
137 455
29 81
878 190
784 637
203 834
279 514
287 40
293 349
954 633
99 386
445 882
964 690
307 849
701 417
597 368
783 143
677 392
362 948
867 22
632 881
27 207
84 276
51 197
108 498
773 886
957 249
661 652
378 920
360 739
911 664
606 256
243 776
80 738
464 833
947 172
951 588
790 330
594 715
810 412
500 282
616 579
247 767
305 860
509 468
550 330
810 559
116 298
922 997
652 318
46 21
585 869
801 800
398 662
258 509
720 728
634 282
690 472
801 913
767 218
442 844
219 592
993 137
145 221
922 135
68 363
163 57
874 47
569 955
751 423
291 349
129 106
261 637
45 214
430 624
183 328
591 383
663 578
522 338
281 448
910 789
2 570
59 695
940 212
870 285
345 422
24 141
479 983
190 286
128 379
493 183
939 37
924 919
255 287
161 485
651 710
658 12
35 641
169 803
77 666
136 180
389 814
925 364
702 102
761 682
706 125
943 376
639 649
977 326
861 671
759 224
430 276
655 293
605 666
516 125
222 90
430 391
322 532
299 824
916 806
320 125
468 173
882 508
616 703
328 423
588 573
97 254
117 243
500 237
407 883
301 396
726 397
322 937
274 964
439 2
921 263
685 294
137 784
55 741
486 27
369 572
709 49
824 933
896 498
434 529
879 641
113 739
666 228
832 32
49 174
136 747
452 189
73 288
367 450
580 177
380 847
38 653
955 319
56 988
147 263
12 747
371 762
811 173
388 906
800 602
986 445
474 245
668 577
741 181
660 121
191 945
472 938
53 147
184 94
55 805
833 439
355 983
655 234
624 540
860 692
38 216
898 921
276 549
632 715
887 109
355 36
651 627
736 554
269 492
87 613
199 111
402 664
591 949
583 773
655 392
861 739
232 820
406 702
670 591
727 65
714 967
94 125
442 642
518 515
93 222
992 604
814 682
961 855
579 640
322 747
98 308
849 982
666 260
574 389
481 74
157 911
433 175
987 832
219 762
454 263
990 341
704 110
528 443
391 370
747 64
909 241
384 452
131 689
261 770
577 641
33 995
566 317
163 96
234 826
499 440
390 313
512 347
486 150
968 401
549 444
422 878
335 983
263 90
157 499
626 708
211 915
969 98
595 835
450 494
306 842
474 280
828 971
65 717
621 976
507 336
938 153
494 78
918 572
423 118
708 966
894 687
369 288
901 263
407 462
464 508
696 695
3 421
379 120
677 689
237 122
809 521
916 299
310 718
523 507
462 821
981 779
70 538
271 209
778 647
193 109
311 693
688 206
586 774
942 632
84 352
448 585
123 714
969 574
499 939
392 866
118 67
355 399
364 199
37 231
594 740
634 37
47 434
88 129
589 991
614 248
918 451
260 553
338 313
922 49
728 832
412 787
296 748
136 885
898 217
873 359
448 598
15 952
72 194
419 375
258 683
997 782
798 305
493 759
509 996
880 760
220 377
137 667
154 539
140 538
767 613
551 568
458 985
977 483
945 653
108 777
100 943
966 627
243 294
617 21
545 336
637 202
217 647
698 446
293 634
55 591
132 440
189 569
319 938
910 715
368 644
935 12
304 781
189 426
542 502
229 953
354 346
675 248
524 281
553 616
386 577
973 443
575 475
327 949
230 888
530 328
623 463
39 654
689 667
243 787
118 141
155 437
981 1
51 196
289 968
100 543
875 403
678 178
156 648
536 737
269 103
531 428
770 908
58 906
773 535
581 478
925 892
982 631
996 987
300 978
379 971
896 713
92 300
586 660
775 579
597 661
358 171
126 215
1 260
862 747
511 411
840 261
732 787
100 653
220 63
332 673
738 444
701 552
729 807
324 13
966 724
932 332
186 106
370 511
614 90
375 626
232 484
858 600
977 446
529 665
735 39
110 372
55 653
422 656
404 507
958 550
280 137
266 484
541 513
423 62
651 795
545 380
216 694
879 94
219 317
518 73
835 215
125 939
679 94
76 241
78 611
831 99
726 568
327 448
493 984
350 867
777 35
852 737
673 498
69 793
640 741
492 144
19 224
41 376
259 305
463 561
880 297
575 332
688 672
30 819
201 755
938 808
813 940
703 488
448 52
925 574
766 916
13 164
868 303
628 861
420 186
574 287
408 674
869 833
265 979
14 758
37 191
733 426
619 771
601 268
188 172
761 86
959 103
638 396
182 438
883 551
296 789
262 510
665 898
883 468
97 479
63 742
100 195
874 241
616 892
386 429
72 26
842 482
558 286
997 838
254 881
96 383
116 882
134 113
229 61
886 616
586 638
436 889
882 281
257 346
855 776
209 65
428 485
855 78
543 135
238 436
829 879
24 234
906 200
122 725
177 956
218 32
823 541
4 699
530 607
346 908
420 651
555 48
612 423
649 443
227 131
859 326
184 206
994 739
225 526
354 258
397 310
803 783
189 683
762 758
869 562
839 414
238 611
131 359
796 115
787 880
601 78
583 857
277 563
120 648
173 386
390 271
325 199
771 53
793 525
856 171
896 770
865 163
735 162
461 536
740 869
863 505
249 838
603 787
819 334
641 626
220 193
810 887
996 866
726 910
413 582
710 996
470 665
681 738
576 472
709 20
802 918
749 787
399 516
2 814
21 242
465 392
194 710
374 888
72 54
453 615
782 113
564 819
893 953
529 720
966 943
509 944
862 876
167 782
884 300
243 220
638 668
142 632
966 830
147 290
590 122
577 884
355 647
651 978
618 259
431 602
161 66
43 34
145 119
542 8
800 615
922 636
341 841
358 921
18 476
471 827
412 369
122 600
602 174
895 914
752 356
590 391
744 83
228 332
48 986
842 624
217 724
313 458
497 421
388 28
909 680
964 751
991 399
269 352
971 10
383 149
352 954
653 762
196 891
491 417
386 783
10 995
265 922
505 125
747 565
335 449
891 689
808 155
184 661
113 413
316 402
580 679
178 399
179 922
73 163
205 934
558 970
387 681
886 359
227 934
983 667
721 914
439 69
386 371
405 469
758 941
580 581
67 554
953 717
940 829
372 143
814 994
963 484
211 267
550 618
141 588
625 809
775 909
244 449
229 403
107 571
436 531
242 798
43 467
431 792
345 390
203 649
632 217
120 429
360 508
290 475
897 289
937 780
759 549
906 49
357 273
488 64
594 669
882 176
898 653
924 909
872 486
47 590
600 917
450 4
290 701
592 997
441 831
280 507
134 490
851 772
393 188
123 173
431 348
424 518
208 877
961 289
797 219
783 24
957 296
53 937
863 334
976 354
191 461
998 983
519 912
808 571
751 517
330 803
517 93
321 940
79 541
61 34
905 388
433 443
565 498
437 879
791 880
887 747
123 582
291 946
395 806
974 661
350 339
670 934
123 567
687 341
709 313
954 368
89 628
11 785
374 535
790 173
31 210
822 763
749 953
897 720
664 709
174 157
121 308
685 313
175 723
694 417
183 164
80 904
653 388
837 423
180 990
306 561
695 9
953 602
550 788
662 178
993 873
116 232
449 971
11 76
540 647
983 882
875 653
569 554
72 78
929 997
812 122
889 537
451 18
414 170
841 670
665 360
722 139
225 673
561 783
634 847
563 840
219 399
312 283
977 95
601 667
488 444
293 541
703 966
724 942
693 220
252 444
278 44
599 134
413 261
694 702
754 109
707 878
612 19
902 971
501 508
172 684
88 655
86 174
520 284
792 545
852 593
355 155
682 496
169 195
227 469
501 286
216 98
640 516
454 236
557 961
377 401
250 129
108 103
772 144
728 108
966 218
992 545
166 530
26 129
10 778
88 378
589 998
139 929
594 572
481 157
223 97
11 684
927 362
790 182
102 254
68 314
914 754
899 346
573 431
611 580
879 643
560 929
374 797
250 807
34 344
417 320
715 883
555 742
872 610
29 723
232 449
271 415
458 911
883 98
371 950
997 982
708 31
747 563
993 599
703 772
850 824
673 849
939 449
471 320
254 592
648 689
561 900
640 53
209 812
774 329
152 335
246 627
816 726
570 813
181 342
758 760
699 176
175 997
183 323
215 152
930 437
270 146
623 288
560 24
997 507
909 324
753 79
9 821
895 561
790 679
614 923
886 860
36 752
212 379
443 699
892 485
568 403
454 200
917 800
723 625
320 44
527 893
417 966
142 277
236 400
59 393
807 251
739 435
249 107
342 748
255 5
465 963
763 606
196 159
343 934
839 989
608 541
349 1000
157 830
358 225
987 755
948 875
914 583
292 247
365 999
404 905
814 84
687 462
283 540
125 347
821 697
137 899
429 475
306 614
456 71
979 885
380 766
641 396
491 703
260 252
647 242
996 464
750 547
141 777
150 689
9 443
780 928
360 385
586 659
792 46
971 580
432 909
785 911
953 221
795 457
518 135
293 592
707 74
610 114
922 878
756 517
61 601
794 870
941 917
124 191
146 441
315 972
172 741
636 66
714 692
472 823
255 532
494 392
464 683
502 919
104 322
915 484
973 614
26 517
396 49
565 364
307 20
442 821
630 258
740 710
193 141
456 284
274 326
352 554
779 815
445 303
981 333
140 355
896 961
734 399
862 64
211 206
818 922
212 125
127 996
801 680
770 857
739 356
832 2
620 161
733 350
588 583
3 203
995 607
379 926
899 261
618 222
837 49
340 767
885 293
53 225
747 332
305 12
244 450
359 209
799 26
802 810
585 394
713 349
950 146
440 727
205 489
867 964
428 136
103 526
931 355
628 159
21 503
354 788
284 591
67 105
711 816
990 461
997 410
424 858
884 432
484 6
525 792
473 307
327 696
683 416
327 329
533 366
57 157
609 984
81 359
869 262
659 775
894 939
329 829
61 750
905 88
66 68
782 310
877 911
436 374
525 275
788 542
2 480
105 651
365 329
655 14
890 344
255 366
769 859
442 713
776 41
406 356
799 759
721 15
431 147
252 972
182 799
754 522
757 921
369 616
908 941
451 810
416 551
883 815
608 475
278 157
167 480
273 991
356 961
308 876
738 233
790 708
975 244
795 402
724 52
499 647
980 158
710 3
567 910
532 947
960 194
780 85
563 799
263 909
178 259
839 570
686 91
325 568
548 88
641 298
980 483
92 932
50 600
470 561
479 452
461 914
746 96
91 911
50 555
291 773
907 393
33 356
340 864
685 94
145 819
937 990
332 784
885 716
33 469
307 754
399 130
312 284
845 78
385 464
519 141
319 123
232 19
820 956
380 123
755 353
668 632
9 173
392 672
450 105
288 310
161 506
329 840
716 332
599 663
99 338
760 632
66 57
60 607
687 546
247 235
817 800
910 455
933 942
915 431
221 972
67 453
321 30
325 574
19 339
777 873
687 768
383 884
591 307
330 983
169 83
740 670
653 769
602 731
948 451
292 367
649 938
69 347
97 130
5 927
32 531
866 950
944 532
304 435
413 719
988 325
366 721
774 712
23 860
262 508
947 472
396 370
969 48
621 935
937 789
180 780
552 375
127 745
439 829
281 135
500 829
693 714
716 861
55 461
858 340
689 403
877 656
603 757
513 237
293 845
167 868
703 694
814 757
855 475
804 614
767 575
826 207
37 932
901 671
833 761
918 272
518 152
467 916
67 206
12 885
587 903
471 304
460 39
778 396
964 471
103 901
74 929
39 413
42 387
427 327
711 431
964 990
660 799
700 988
826 515
20 446
151 916
378 679
635 241
449 60
433 663
483 300
570 524
5 319
464 607
907 863
614 537
826 869
757 575
338 671
781 287
30 813
108 53
238 720
922 663
596 482
84 190
545 932
841 477
274 754
830 903
248 447
416 168
841 430
783 535
587 190
331 636
122 331
106 820
572 185
554 604
187 413
442 178
724 108
706 947
746 740
583 867
430 243
144 424
366 749
815 861
41 560
166 722
853 561
895 426
55 51
257 248
168 461
46 306
374 975
272 411
3 265
519 273
278 641
284 838
747 496
567 5
92 171
755 797
936 577
918 977
6 255
297 905
64 908
858 542
215 175
441 214
495 397
604 189
739 670
186 258
150 681
190 330
7 880
33 413
289 11
828 334
142 664
489 604
983 631
128 294
161 912
385 826
351 499
392 74
268 997
990 734
554 475
406 71
541 240
174 523
527 13
431 408
507 183
882 846
816 439
838 685
18 926
22 574
351 806
99 217
528 991
437 151
469 311
633 654
830 976
28 378
909 479
657 142
396 246
877 491
951 612
224 469
131 99
482 789
732 629
14 684
736 624
316 428
978 356
316 259
64 300
179 409
348 108
115 907
651 423
135 846
528 42
896 526
879 597
936 799
99 75
384 169
729 779
154 836
339 448
558 485
447 315
528 200
693 514
175 799
362 882
471 180
935 709
980 686
414 76
16 523
806 882
737 439
546 151
487 831
517 630
617 26
928 603
682 438
469 352
306 97
220 521
574 712
685 721
688 379
582 859
215 774
751 944
427 934
561 604
446 46
602 128
251 82
948 296
470 432
734 925
864 651
591 840
205 400
959 788
281 981
375 461
123 28
659 40
57 894
521 15
833 237
265 329
123 397
964 717
994 280
133 322
71 166
230 974
87 671
62 410
867 326
366 981
383 181
420 129
203 275
776 185
465 872
869 810
896 942
235 898
675 973
398 632
330 146
956 930
848 731
226 323
245 37
156 570
145 303
537 605
75 938
386 51
225 25
745 706
908 140
969 394
705 195
607 408
260 671
77 49
864 303
828 330
958 288
297 662
210 113
942 198
110 317
897 839
664 630
21 199
810 988
98 986
686 203
724 890
291 321
461 913
390 407
910 878
949 908
551 584
555 525
37 830
585 310
536 334
510 561
714 156
60 97
319 21
841 621
54 322
829 840
846 222
314 503
639 304
885 892
209 235
872 437
233 765
769 329
649 307
268 847
663 943
15 450
18 290
412 46
877 990
57 809
721 370
479 6
797 189
378 375
252 668
623 383
184 164
402 167
332 292
904 189
65 103
427 242
682 510
635 50
374 26
356 561
126 683
145 88
878 666
476 558
772 3
222 94
904 923
45 575
544 98
40 466
394 933
472 445
148 952
790 507
4 292
316 118
669 566
230 724
265 976
822 776
550 283
282 53
356 998
787 676
511 346
117 255
852 390
641 619
89 598
755 629
274 960
684 591
244 246
962 937
689 807
909 858
239 445
643 780
569 874
277 65
412 879
301 827
7 610
71 977
443 406
551 74
748 706
146 911
73 693
594 17
635 711
488 252
242 951
6 50
548 561
947 642
163 533
53 989
336 79
321 445
67 177
983 487
986 441
878 139
407 548
661 367
403 83
958 803
52 170
259 624
80 211
53 387
377 631
9 906
310 657
919 573
299 640
284 116
130 622
518 741
756 880
320 256
359 609
860 982
899 990
294 788
260 140
354 99
134 877
735 107
938 888
387 3
562 655
670 706
731 976
202 14
796 876
335 634
531 489
554 970
789 130
938 557
853 734
106 821
312 272
400 948
700 103
225 65
454 890
931 781
880 867
644 222
547 381
430 867
569 789
786 767
404 890
249 677
654 690
278 646
671 85
140 739
805 671
556 283
25 869
542 962
500 641
104 746
232 319
627 214
992 361
21 465
9 441
661 161
727 428
166 710
622 334
841 549
717 74
313 124
42 322
872 397
915 155
989 790
411 648
189 994
330 552
424 557
501 513
450 961
860 660
790 871
402 92
792 492
301 916
714 517
865 663
792 539
243 827
969 593
221 676
114 384
352 957
813 864
960 316
743 739
353 789
485 939
805 396
862 183
187 621
779 801
786 299
663 147
425 833
857 838
453 692
951 660
442 388
558 814
118 865
880 816
807 887
187 440
150 44
649 707
616 778
124 853
857 608
57 414
866 750
775 744
776 730
961 706
90 724
487 378
612 881
166 917
606 170
905 649
110 207
346 493
110 514
2 817
42 994
684 309
978 22
814 848
909 580
201 439
112 854
208 405
228 856
525 564
206 819
30 125
346 190
128 485
536 482
220 667
955 488
759 550
9 294
229 195
