1000 9896
243 273
588 398
950 301
328 748
720 313
711 592
217 820
661 423
864 541
114 404
646 197
553 801
632 553
461 385
246 697
606 53
385 773
602 48
677 546
24 955
70 184
520 355
367 664
738 982
800 979
621 389
700 628
829 344
208 654
528 941
954 717
415 619
435 169
576 953
459 799
722 923
769 698
434 83
182 797
113 400
116 688
173 438
805 49
572 284
442 348
92 346
423 857
326 239
525 3
162 555
131 892
923 456
637 580
305 49
583 418
841 71
58 347
116 762
885 150
389 164
552 413
34 664
24 726
177 456
478 170
479 687
237 617
384 93
884 240
996 490
453 135
245 954
949 828
717 304
920 46
189 887
928 521
417 116
271 849
955 500
632 359
371 765
356 111
381 428
207 964
523 345
691 907
88 628
512 22
787 412
471 671
830 450
99 340
707 405
835 360
485 559
414 613
881 410
755 385
613 803
852 749
265 283
104 269
527 471
750 132
329 684
919 393
247 154
236 137
627 952
334 778
117 698
796 107
433 587
36 688
364 101
891 127
300 765
657 196
179 136
550 393
44 251
149 177
800 332
162 877
970 645
706 570
266 671
505 427
940 595
960 177
376 440
103 63
692 744
866 435
71 541
241 974
130 17
819 743
16 136
914 957
116 41
63 738
118 587
466 232
547 209
909 938
824 938
658 746
847 162
728 602
488 991
484 526
223 889
522 480
802 848
803 409
681 821
777 566
17 889
845 159
884 379
209 69
63 166
62 258
949 129
664 15
232 113
394 288
142 642
164 990
256 257
843 736
617 499
639 842
368 351
186 928
61 788
69 761
344 280
796 472
545 856
485 805
108 416
455 397
627 964
490 608
252 903
109 778
517 291
728 201
101 906
783 480
677 173
880 55
169 720
844 722
59 394
645 399
634 169
460 715
483 629
571 535
866 78
610 115
774 904
938 554
580 847
357 754
343 931
605 268
54 562
364 510
975 174
692 716
586 75
913 745
679 966
409 58
766 368
514 111
119 451
510 539
714 358
128 845
665 154
124 647
585 403
881 772
202 70
854 977
396 176
124 758
128 107
402 518
202 820
439 545
372 452
855 505
932 980
94 853
276 130
959 399
545 335
488 104
142 751
806 566
399 196
916 466
555 370
355 792
872 398
959 854
170 175
595 642
670 208
521 803
216 481
181 813
66 380
83 883
834 969
341 183
347 586
61 824
33 109
407 300
359 567
416 961
891 446
593 647
354 149
523 732
139 995
726 933
857 58
570 657
238 515
117 370
759 167
999 628
321 885
977 699
288 378
326 486
835 237
745 970
994 199
904 803
698 707
39 46
644 813
791 78
302 105
13 458
732 998
291 248
254 747
681 288
735 765
832 948
948 842
92 500
185 718
295 689
850 296
979 52
376 95
803 226
608 794
718 467
115 826
412 790
484 461
465 666
620 977
755 842
862 530
334 75
617 877
854 898
860 738
215 220
256 388
286 408
542 831
859 937
841 742
181 333
402 618
534 707
542 846
29 138
56 921
128 486
555 449
39 240
82 200
87 228
181 111
926 615
986 126
180 425
310 572
792 299
955 713
112 602
765 722
881 509
844 199
684 720
722 743
959 790
742 738
90 333
441 541
691 765
801 269
549 743
930 619
456 778
91 685
369 771
669 782
657 846
655 463
325 1000
307 117
365 471
296 226
175 763
981 253
929 530
35 607
861 599
798 445
627 813
350 452
23 486
31 555
838 425
70 967
109 611
115 730
259 148
682 71
875 180
115 587
352 279
136 568
965 971
398 664
850 381
170 795
358 172
175 622
469 781
563 504
684 756
816 388
67 522
693 834
196 430
732 232
73 445
349 344
6 923
98 984
68 224
548 170
290 166
572 816
756 21
994 299
388 751
565 363
906 876
393 695
929 453
233 48
533 203
510 420
21 423
354 836
614 46
765 178
233 961
729 964
876 877
219 18
661 119
9 496
245 810
487 861
606 553
147 350
903 20
243 265
112 849
878 807
523 344
691 906
903 985
583 616
160 834
699 635
518 477
80 233
941 986
911 6
643 700
401 313
935 188
665 936
356 477
621 471
215 522
277 983
526 794
266 362
325 897
800 613
518 654
283 91
353 293
123 280
917 776
739 114
188 468
406 263
790 565
192 927
227 695
190 521
709 743
622 524
571 522
827 612
576 164
278 188
304 551
947 319
567 638
89 555
951 735
754 783
752 237
303 584
450 360
510 4
461 704
957 731
119 996
814 60
665 842
857 607
842 269
491 937
737 49
738 490
482 684
656 441
72 176
35 4
552 378
685 877
41 763
410 544
876 691
751 449
201 509
590 833
707 935
141 440
31 353
293 842
869 135
379 391
470 818
971 763
763 386
175 889
483 421
855 69
472 658
487 833
31 960
518 159
239 646
695 557
643 952
337 681
964 466
512 243
330 562
389 251
824 180
184 211
20 441
668 381
483 97
991 217
571 529
812 956
869 573
191 513
596 638
908 530
1000 563
35 646
736 777
358 899
743 590
688 976
140 379
218 643
593 981
886 114
815 50
405 321
47 420
732 620
790 372
594 653
477 7
494 927
357 753
178 484
127 987
678 473
93 215
97 61
830 740
210 789
463 453
626 204
503 84
839 622
510 32
165 587
337 414
944 642
581 179
819 706
162 598
89 801
326 982
607 611
192 470
818 310
977 894
900 784
524 228
301 797
837 379
125 441
417 352
572 760
721 722
357 6
985 869
859 844
343 87
845 817
495 392
190 510
882 310
419 524
546 523
228 132
907 291
711 729
401 314
626 819
755 173
683 440
693 239
823 636
169 579
132 337
744 201
377 928
194 54
692 297
713 882
478 710
341 69
63 764
126 933
393 276
45 33
855 828
569 147
645 46
276 711
5 399
296 213
265 338
174 319
985 451
626 503
458 325
8 12
946 494
602 380
970 504
314 921
406 348
598 224
32 769
770 478
382 591
218 756
476 528
592 457
743 626
246 142
363 110
139 519
410 53
213 928
508 784
969 258
143 981
257 910
776 510
724 28
31 852
876 311
331 45
978 355
26 116
753 30
250 534
573 354
22 488
997 598
192 387
70 420
609 54
93 989
991 804
742 490
301 240
842 508
641 371
91 292
112 761
31 462
979 789
104 697
499 184
712 7
845 213
647 99
996 327
63 872
745 65
263 346
59 529
323 132
34 977
167 15
117 864
579 87
873 822
416 145
521 667
459 213
787 856
638 577
694 727
743 978
742 739
489 428
752 623
824 108
492 170
772 500
28 4
29 509
605 798
622 932
494 539
905 318
264 178
193 252
753 996
627 959
703 498
190 643
528 574
92 917
402 614
169 388
944 894
65 299
340 91
876 117
549 937
952 605
130 489
687 63
981 478
231 211
947 290
362 270
839 784
473 687
996 961
153 809
11 647
840 557
563 867
784 20
767 195
571 316
809 487
828 325
996 807
318 783
120 18
67 525
339 368
451 362
404 828
426 660
172 432
188 103
788 666
585 426
180 586
522 349
336 312
393 775
512 347
882 495
404 385
975 586
105 158
932 959
902 19
744 355
358 971
15 350
57 76
440 68
811 215
354 534
315 772
119 282
548 766
536 158
440 51
596 790
869 294
946 709
578 692
513 754
235 454
42 58
759 475
748 584
240 383
441 568
830 34
264 223
657 920
565 319
146 159
792 597
99 133
961 34
990 423
710 423
257 699
365 442
539 269
153 634
192 912
25 332
947 96
164 350
834 498
835 823
692 980
839 871
252 835
865 296
44 651
207 201
764 225
600 43
124 814
36 999
853 268
787 698
417 648
92 270
76 907
934 667
495 947
865 336
82 244
657 700
314 995
685 176
515 914
652 63
286 261
824 940
157 117
187 192
278 761
245 634
513 368
931 193
310 14
295 350
743 917
206 79
896 279
220 319
58 206
441 190
224 826
6 166
643 836
195 107
750 763
163 905
840 470
828 941
279 999
656 518
252 316
897 364
699 952
502 627
393 29
346 809
968 903
53 107
823 539
437 460
864 616
833 543
540 471
835 185
808 843
699 646
854 44
32 425
323 682
420 512
403 306
26 699
482 457
584 597
714 748
641 721
143 316
169 145
591 946
833 170
407 379
834 133
820 464
514 775
858 742
554 4
886 849
868 484
463 896
326 504
308 659
40 785
757 940
98 123
460 630
446 545
452 550
531 381
520 234
887 686
57 939
396 93
199 680
259 291
596 204
465 966
306 174
240 694
922 36
482 623
157 825
699 314
686 36
317 162
413 576
489 234
917 336
810 768
562 161
727 633
340 599
234 190
220 509
993 827
780 886
979 888
552 243
456 219
413 891
827 444
521 889
546 284
12 416
840 33
767 590
646 694
517 653
789 104
718 6
751 493
941 349
871 540
930 46
328 868
646 946
629 538
722 332
63 196
163 562
592 864
938 848
382 543
778 477
845 483
958 194
411 653
503 35
915 13
354 433
317 315
13 546
910 812
165 359
347 588
829 704
420 837
728 493
360 977
469 209
914 62
94 294
186 821
812 929
912 547
201 572
237 294
256 811
653 756
526 66
675 772
602 748
807 623
459 709
351 947
743 621
635 364
583 4
330 122
80 653
600 116
434 908
491 197
438 972
735 878
853 404
79 970
11 666
946 214
948 28
409 107
362 401
451 480
527 739
417 688
328 373
435 699
408 301
713 757
547 282
231 797
768 605
306 436
608 796
671 933
413 981
665 116
16 654
371 87
906 886
10 259
29 741
780 867
340 986
680 407
629 988
44 38
105 16
113 525
96 317
375 815
850 765
220 579
401 561
823 722
301 269
354 627
672 367
871 742
246 88
363 739
260 259
831 116
708 897
161 112
470 436
864 655
276 629
78 697
172 710
910 492
749 188
753 185
700 896
857 235
913 329
950 876
331 570
834 205
753 923
520 68
472 421
454 21
717 657
615 586
190 531
50 446
148 791
75 977
663 176
773 528
44 672
795 504
583 377
969 317
40 7
371 503
334 745
64 413
672 755
415 424
936 193
297 521
904 575
690 464
693 991
417 644
476 57
302 873
427 615
709 471
582 221
270 947
686 207
90 550
896 413
21 52
428 218
820 756
729 857
489 476
130 437
110 396
613 283
48 461
926 504
765 176
158 6
767 663
881 556
509 739
20 210
518 604
595 606
986 417
380 112
327 667
539 613
901 344
425 407
479 876
299 506
564 390
324 607
916 379
668 484
9 33
216 475
267 745
833 348
707 295
88 661
334 498
701 477
955 949
155 505
341 478
363 497
113 343
611 464
316 812
706 484
53 341
914 153
644 50
437 988
331 361
616 393
691 505
657 185
929 572
17 26
207 347
752 72
973 924
671 569
305 880
527 517
567 632
6 712
279 348
193 539
747 92
692 747
58 651
779 729
486 19
35 185
700 189
606 478
580 411
665 793
767 887
914 895
149 18
559 603
357 159
983 959
489 47
966 555
534 431
685 81
903 30
546 505
340 786
270 681
327 968
662 451
167 867
685 994
319 164
431 990
327 601
295 338
243 374
764 812
780 564
306 896
971 586
937 846
853 638
315 946
428 627
56 194
823 538
425 499
639 998
416 218
426 488
2 491
994 523
635 775
172 767
873 926
803 391
677 534
299 900
790 863
312 906
425 173
855 907
986 854
697 281
904 93
152 994
464 596
429 734
62 511
809 832
791 720
424 482
50 356
730 450
235 800
277 715
300 732
264 474
392 514
947 127
253 732
633 870
316 22
667 433
11 384
251 751
291 880
220 780
94 902
224 445
524 674
145 747
849 863
957 652
703 35
33 778
766 740
783 816
589 789
432 326
547 353
965 18
968 266
520 551
615 86
1 767
395 77
987 407
328 56
202 593
907 246
67 341
893 961
539 961
970 602
111 900
161 783
25 873
392 676
695 340
875 587
90 897
517 652
663 898
890 936
580 44
360 391
955 523
24 94
502 557
449 727
376 645
803 660
327 722
829 908
849 86
209 311
985 694
103 855
273 530
570 856
954 763
885 929
446 55
673 81
603 144
342 100
34 685
845 371
973 318
972 817
5 124
924 838
303 379
19 176
521 22
706 10
155 304
230 852
113 394
218 464
60 499
702 38
631 68
963 534
567 579
235 895
972 344
18 486
428 936
843 205
114 899
368 623
796 221
374 497
771 393
59 427
666 753
494 974
399 984
444 231
581 482
658 877
311 369
574 425
619 192
303 669
884 802
257 829
978 353
444 453
527 738
343 561
914 677
366 658
707 690
154 169
646 154
188 945
559 674
963 493
763 975
127 710
21 31
663 704
280 919
466 830
818 427
561 626
720 613
328 818
521 741
774 209
668 844
100 286
780 578
711 814
790 10
513 89
732 331
453 416
755 26
494 114
521 630
59 531
81 447
893 184
517 898
909 893
445 935
483 332
300 770
252 407
753 350
494 332
556 831
11 881
831 119
467 704
610 656
919 752
707 330
553 592
554 443
548 70
460 330
30 588
382 655
806 29
477 649
460 473
632 890
809 920
94 146
133 478
106 708
857 900
730 442
992 685
922 712
343 774
482 818
624 119
128 716
667 577
499 685
945 315
429 234
250 441
182 418
321 23
876 420
514 163
861 24
131 753
279 537
762 463
536 969
358 50
750 784
552 385
922 319
932 379
680 485
358 337
479 683
850 45
564 835
592 374
985 818
909 612
989 406
870 443
285 495
694 117
56 265
682 645
348 433
497 841
651 898
101 71
674 481
234 568
312 290
462 552
105 301
200 503
698 346
682 935
518 65
635 909
807 645
216 557
660 914
557 630
940 386
137 123
194 124
530 386
68 581
364 812
57 812
413 789
21 969
851 918
482 216
623 378
610 551
645 100
207 663
852 600
450 692
622 838
914 7
827 689
689 669
118 225
51 117
784 551
749 374
444 828
718 944
421 486
153 632
559 192
815 170
467 280
584 872
795 86
634 242
887 708
199 710
992 568
679 760
956 67
56 984
783 686
667 129
799 388
412 828
714 108
526 906
590 571
841 603
44 427
158 679
532 310
839 532
625 648
148 505
807 378
885 374
15 843
405 135
231 693
659 860
453 395
129 77
916 8
679 732
418 101
510 455
37 989
132 715
868 765
375 991
730 762
396 940
110 280
540 294
261 378
264 751
997 32
266 384
324 670
994 806
96 597
849 105
946 901
393 3
752 892
842 887
170 183
868 930
885 972
246 586
670 248
103 899
777 246
999 158
707 373
691 536
910 314
293 284
385 833
208 812
377 747
483 303
967 204
968 758
271 373
203 99
39 761
878 131
838 699
41 493
501 251
925 617
801 443
291 533
300 733
306 226
672 456
191 736
991 265
23 43
101 708
748 114
966 57
58 586
403 865
170 956
621 675
41 937
794 233
976 93
540 405
272 243
236 572
439 121
496 913
520 921
978 269
832 555
26 984
512 985
124 832
495 838
645 847
944 276
177 443
984 565
90 620
625 773
953 854
673 699
99 839
431 780
626 588
788 451
440 689
209 152
24 48
823 343
233 926
931 477
570 7
661 172
313 22
557 267
650 447
744 87
102 139
502 605
674 152
4 647
116 739
247 395
289 367
643 872
751 779
972 996
9 120
318 242
375 487
14 203
109 55
151 950
902 906
890 476
981 899
88 846
504 667
877 50
415 193
391 38
669 806
677 363
956 694
978 794
80 609
209 771
784 623
549 801
930 805
130 657
418 896
914 369
365 529
353 201
580 792
88 290
67 871
672 323
286 647
253 592
70 110
148 748
311 263
277 448
79 980
279 278
89 619
839 958
236 980
296 838
940 535
478 594
814 802
880 900
664 753
918 58
667 998
859 542
73 389
629 184
956 472
499 415
816 363
177 423
202 626
856 335
524 139
11 88
413 836
132 764
23 721
928 883
57 347
827 331
10 404
189 878
760 790
561 795
689 302
727 210
747 752
15 726
396 884
881 518
57 452
111 121
7 850
690 848
749 471
308 243
756 753
716 910
320 641
671 392
531 797
517 786
111 351
483 220
472 875
394 555
933 546
863 289
938 136
873 597
194 392
949 981
87 548
365 322
277 800
687 885
105 797
675 809
550 23
623 583
8 186
374 419
212 442
505 176
607 901
342 589
550 102
123 606
808 208
862 39
539 64
161 204
249 36
313 693
559 870
827 973
296 915
353 70
539 214
455 917
957 691
157 433
637 607
983 695
969 29
864 293
594 882
439 585
128 922
956 508
244 446
926 732
396 683
897 970
111 846
52 607
685 107
903 52
229 447
21 419
461 28
281 462
559 935
160 521
882 490
815 930
855 445
381 310
54 324
238 417
901 309
807 143
710 247
167 44
328 405
800 679
113 922
591 645
246 670
228 445
198 541
988 454
208 833
173 977
82 806
1000 886
346 723
735 351
166 78
526 798
487 955
146 154
330 847
772 122
153 718
133 416
688 857
853 113
236 21
75 145
117 310
870 732
282 797
445 511
782 934
742 939
240 943
437 843
60 154
580 961
456 313
888 759
765 266
95 496
49 280
236 330
793 681
922 975
10 645
174 130
784 996
452 882
310 368
257 868
922 126
68 555
652 171
799 276
840 475
70 336
272 295
292 810
847 56
315 411
637 724
604 259
434 519
733 161
515 370
612 822
115 246
277 75
889 995
230 229
175 876
768 694
290 198
550 808
408 5
318 520
817 223
343 79
272 596
19 76
152 10
9 391
923 791
566 109
332 819
581 205
872 264
986 272
76 296
721 37
495 342
797 456
656 904
94 668
423 170
685 531
742 588
946 789
214 21
454 516
535 805
829 584
830 483
839 371
270 154
222 371
518 332
332 503
997 483
206 130
531 51
781 148
297 742
95 16
155 455
174 609
378 4
714 634
17 474
562 170
886 852
902 713
706 454
607 892
790 558
886 199
874 759
107 236
258 750
576 789
232 638
477 410
456 691
4 405
832 62
562 491
883 669
24 261
741 839
723 196
971 175
571 264
664 662
735 533
629 50
440 619
158 640
710 989
215 465
469 961
326 970
756 171
97 498
281 251
120 77
215 326
966 762
14 791
54 960
864 92
646 516
738 637
576 320
387 995
434 306
949 605
868 515
353 586
826 123
76 622
21 475
519 44
816 61
215 21
987 36
570 4
630 125
908 625
85 633
581 644
730 846
712 205
641 215
953 229
403 4
167 103
519 210
650 15
191 109
854 295
747 821
97 911
169 583
479 166
156 331
782 435
855 843
754 90
649 478
657 571
160 253
179 267
34 538
866 231
402 86
956 593
424 674
167 474
134 545
30 598
92 879
950 903
437 136
42 577
743 648
449 130
144 944
622 895
203 415
169 3
189 64
27 109
377 480
31 685
947 44
960 325
666 588
615 547
134 978
362 391
269 58
491 41
131 104
48 409
335 456
385 241
156 557
827 928
700 402
404 599
41 891
614 616
615 769
189 396
288 716
64 291
232 837
456 397
935 783
239 386
899 269
953 679
82 187
323 703
585 80
848 368
676 121
89 769
849 603
950 435
36 968
291 426
555 649
59 966
315 304
886 746
788 369
978 163
745 180
67 448
250 982
42 526
688 20
484 191
379 323
252 179
159 385
608 89
673 785
986 456
859 74
882 169
973 254
857 83
336 13
228 11
925 123
928 449
507 84
768 186
364 699
570 890
574 834
21 578
557 528
283 275
673 115
329 805
817 828
639 777
852 49
437 547
496 161
708 674
820 484
624 685
339 567
200 921
170 305
730 265
970 280
570 702
236 65
293 134
956 970
292 104
575 803
196 983
507 766
490 507
19 650
547 940
332 7
867 334
745 826
946 67
430 80
88 359
966 6
456 715
386 10
23 195
652 305
88 278
458 927
642 507
829 516
41 992
261 831
727 732
33 816
196 260
112 571
277 197
667 965
803 133
144 262
625 883
222 707
920 278
205 308
613 439
278 576
119 722
210 138
525 705
603 737
750 624
492 800
682 752
495 95
797 705
814 737
708 44
505 815
15 644
634 160
972 617
534 736
223 545
772 356
300 302
546 178
582 668
828 884
958 959
134 173
546 37
118 46
332 238
93 922
483 362
574 935
397 718
872 136
679 80
295 578
20 307
360 782
494 473
78 664
561 748
414 766
373 442
40 539
611 324
630 416
189 166
227 79
924 63
886 900
605 894
647 805
852 969
369 947
35 638
443 773
778 822
329 238
575 933
176 535
925 854
505 429
418 588
770 793
273 471
809 293
504 243
379 993
804 488
110 883
771 225
573 572
188 789
997 537
197 193
237 379
184 948
791 339
408 360
407 618
125 319
897 932
400 764
663 725
421 794
542 606
634 551
229 321
176 83
915 712
805 740
37 842
206 83
558 292
910 845
806 802
772 854
385 362
152 11
885 519
670 781
727 292
712 67
752 912
881 149
402 687
384 942
128 269
793 262
281 602
717 95
82 598
377 798
217 709
603 755
61 588
726 326
378 432
57 221
385 726
209 301
734 604
271 198
847 871
460 317
463 622
284 115
159 925
77 232
41 322
428 377
21 860
671 207
670 555
123 330
964 780
216 911
952 844
438 727
460 483
688 838
866 129
95 305
443 688
705 5
465 792
378 999
805 98
202 9
607 87
518 905
725 187
925 905
50 69
682 314
876 185
549 109
291 885
199 676
348 469
978 745
489 597
729 425
362 322
642 304
363 657
442 346
250 511
524 483
771 221
206 354
695 367
927 454
713 78
231 323
76 826
239 478
296 650
150 357
210 48
948 409
845 970
149 139
3 517
393 609
894 105
18 674
561 108
983 205
286 7
859 835
543 421
287 635
882 307
869 55
820 973
547 783
314 438
371 699
526 667
404 465
199 667
110 20
826 461
241 155
976 82
9 237
484 841
602 180
329 776
184 5
726 473
773 211
264 957
265 452
89 136
900 234
815 409
492 210
666 377
834 229
448 424
925 730
415 636
201 544
551 256
991 73
443 623
377 487
493 585
188 409
691 50
32 885
423 179
951 636
175 505
60 67
170 527
727 981
446 848
13 115
895 131
36 980
843 300
784 926
656 148
952 698
19 847
496 544
26 113
562 31
430 791
76 975
918 56
280 764
16 946
46 487
995 274
620 952
34 439
288 939
612 888
974 835
794 843
996 671
871 201
381 93
182 150
257 77
174 506
608 126
581 837
124 272
448 530
617 271
238 280
935 338
793 333
619 31
740 25
124 391
874 809
185 253
116 547
493 993
108 915
489 663
698 325
113 867
521 452
703 980
962 334
513 888
303 261
603 20
48 609
322 64
86 41
76 100
803 915
624 396
407 473
450 828
35 918
513 538
623 355
759 99
94 410
467 547
503 289
576 693
74 707
290 772
614 969
173 653
174 670
769 850
282 775
579 810
125 657
334 979
649 949
409 440
835 862
231 377
975 131
595 32
572 283
245 45
391 393
965 804
378 654
896 853
1 631
827 975
455 518
236 191
23 194
944 609
671 726
874 494
70 219
996 861
886 345
136 909
211 467
983 689
875 968
934 707
166 857
173 115
585 115
569 854
568 895
219 989
322 343
438 121
975 386
319 430
950 196
696 216
663 747
171 751
228 916
353 400
929 479
453 549
863 818
693 569
556 218
78 178
558 376
318 765
651 163
730 741
548 438
551 977
916 178
534 737
385 446
120 467
319 29
450 348
603 398
397 835
119 401
534 347
595 610
47 647
73 844
437 499
220 997
939 17
103 920
517 884
870 383
852 645
891 233
32 386
983 313
689 418
459 69
591 820
423 998
467 590
401 204
536 897
912 437
685 234
283 160
928 59
360 557
986 993
884 222
200 241
675 883
74 374
292 257
445 662
705 56
965 400
51 90
496 315
914 312
100 693
473 541
614 678
67 801
988 431
2 140
567 475
900 629
573 308
166 746
445 748
585 158
698 999
382 68
664 555
771 881
83 169
377 116
158 821
196 392
219 825
117 436
832 656
449 828
766 57
880 684
555 720
93 689
307 508
7 97
104 758
357 236
656 349
826 101
2 611
955 331
99 957
704 585
523 15
656 748
15 277
453 682
348 400
996 260
104 916
902 18
185 53
679 740
618 677
142 706
90 122
649 343
225 933
263 703
530 594
897 351
271 80
720 108
792 361
61 700
118 439
708 965
714 646
416 77
500 862
920 717
781 564
912 685
416 956
180 141
872 251
882 803
142 193
970 462
454 183
277 870
260 884
759 216
840 942
86 418
937 40
478 200
745 983
339 770
221 7
804 728
143 590
758 3
834 467
841 341
933 397
535 457
102 757
593 856
287 256
734 187
239 763
700 127
991 552
499 358
655 715
898 102
742 369
581 189
323 709
376 501
727 628
345 814
70 461
418 930
621 363
369 431
576 322
480 343
210 192
176 112
267 139
620 635
640 406
950 140
314 778
936 586
97 394
797 535
102 845
675 231
641 11
328 794
517 648
845 653
544 826
944 196
64 381
860 296
203 631
555 474
43 142
952 77
926 71
16 710
314 439
930 269
538 48
204 490
759 376
116 750
924 979
981 686
735 499
275 177
83 888
798 703
991 179
398 41
420 545
772 286
905 187
672 154
985 453
658 421
201 598
223 50
105 731
248 663
367 895
303 101
368 80
47 875
99 192
155 82
749 390
731 903
770 525
109 999
554 884
244 626
207 366
154 358
834 388
766 987
497 651
255 82
430 709
232 937
191 918
231 165
678 364
60 51
795 384
64 438
196 659
787 740
960 240
603 840
527 750
876 444
128 514
606 877
478 827
793 784
220 476
997 592
266 944
799 238
664 611
793 897
315 453
408 161
380 677
704 401
73 283
367 409
334 82
798 317
512 710
237 637
864 233
719 805
152 137
287 713
132 654
389 377
767 766
399 176
598 184
122 673
677 871
436 398
831 226
264 892
119 268
750 406
21 576
958 227
261 81
321 238
892 99
937 420
114 287
189 82
960 963
373 562
673 482
213 409
159 967
255 562
806 134
496 163
705 817
321 858
601 832
37 99
97 545
8 46
445 103
743 554
340 131
394 807
70 796
753 926
459 791
806 632
477 935
192 57
943 62
781 175
415 369
607 237
420 25
684 830
903 732
953 939
629 470
316 329
227 638
378 766
554 541
249 168
335 379
300 853
763 641
243 358
737 46
847 33
261 846
600 482
875 856
464 803
332 725
719 27
131 514
358 385
784 296
606 619
618 29
546 494
674 283
858 556
31 394
896 257
698 149
772 892
590 927
920 135
298 743
462 274
814 743
194 948
376 975
214 435
548 439
987 241
366 238
438 267
741 418
840 381
328 673
534 990
369 267
371 709
707 127
751 45
357 314
53 17
206 561
946 829
691 915
61 663
833 422
619 774
924 795
439 715
229 961
388 879
327 436
75 295
113 104
81 491
226 841
635 239
742 641
212 660
543 944
841 256
986 895
221 962
242 479
83 929
688 717
1000 335
247 994
468 877
655 443
455 417
717 3
904 53
179 99
217 212
182 838
143 708
629 1000
430 400
771 436
758 36
540 239
508 657
930 987
856 219
585 931
633 73
328 228
892 897
232 880
912 44
248 169
202 324
40 375
633 24
923 428
961 529
914 745
80 924
405 18
118 579
603 545
710 775
180 790
852 458
367 352
629 893
863 463
335 966
104 616
287 867
607 810
423 355
67 269
882 442
555 608
611 542
389 288
906 922
677 989
328 846
772 999
955 443
172 338
889 691
548 570
163 540
629 24
518 150
404 274
425 434
226 523
560 375
449 488
500 940
731 510
899 666
167 162
14 243
180 31
91 972
147 974
756 970
868 140
743 784
483 102
764 493
982 412
70 698
950 958
421 164
646 260
389 902
598 108
880 321
934 98
701 365
857 87
363 234
227 331
415 696
751 698
109 915
572 365
442 518
597 910
377 43
362 305
273 288
484 504
728 962
982 971
18 628
572 179
504 17
803 100
857 531
36 144
139 153
585 185
824 991
571 378
898 198
7 422
257 88
569 909
862 574
73 719
439 904
578 884
6 245
712 18
34 226
452 277
327 939
148 110
570 303
669 476
547 928
142 580
328 874
826 233
647 389
393 978
802 110
973 215
759 714
963 961
488 511
755 291
922 480
479 163
620 680
542 391
726 352
824 232
697 94
165 400
954 631
441 664
464 279
926 424
636 85
964 588
352 872
711 282
569 621
131 141
809 790
991 58
333 956
961 115
14 489
929 447
861 730
117 316
644 96
683 906
777 321
762 897
431 128
678 131
330 21
882 550
331 308
409 418
743 619
231 343
876 8
406 15
680 803
792 945
244 994
982 612
127 23
740 958
861 909
231 53
589 931
996 369
735 741
6 661
922 2
672 549
931 976
75 742
287 615
186 232
956 468
318 997
210 18
637 665
893 783
729 726
414 408
201 301
665 126
655 671
940 960
29 767
249 569
712 959
125 86
841 797
650 381
210 730
928 887
638 908
106 357
185 146
186 445
208 285
341 543
513 92
181 198
458 861
998 391
985 612
198 779
117 873
243 418
850 646
449 295
52 196
18 308
961 540
190 78
307 541
678 739
971 375
437 703
755 428
901 264
759 460
744 955
856 533
263 791
90 341
937 308
956 624
615 782
598 37
568 120
550 184
734 677
695 929
274 511
377 830
403 737
22 901
818 704
838 647
674 636
752 324
900 494
973 656
99 255
562 765
446 112
922 725
698 694
143 897
862 43
130 480
350 351
580 888
118 811
821 12
970 72
757 128
150 86
888 721
428 580
232 789
503 788
253 993
328 264
880 853
383 354
719 196
387 950
669 109
602 782
185 754
576 493
135 659
867 702
193 851
432 437
875 859
548 67
755 641
112 653
97 319
7 494
580 316
90 544
405 223
79 488
671 20
985 821
489 454
197 925
915 542
309 371
437 174
55 275
269 715
594 35
870 444
104 811
157 319
681 849
629 555
632 257
764 774
376 575
68 797
90 245
162 198
477 153
652 992
376 686
272 921
111 270
595 725
411 730
857 446
485 453
587 613
865 792
994 609
497 63
820 165
557 463
678 783
237 53
826 626
938 104
540 804
8 493
194 488
109 251
274 80
369 854
852 613
815 339
66 814
30 941
512 193
610 915
633 626
743 717
820 362
622 814
458 23
390 880
942 701
744 708
709 606
120 96
341 314
35 611
130 341
304 576
875 251
987 965
288 553
844 566
973 918
853 704
1000 780
452 751
81 643
334 719
638 441
213 722
73 103
3 268
816 457
373 284
658 592
435 761
348 46
349 259
172 508
395 39
270 913
805 528
129 471
564 957
980 522
984 973
487 522
897 42
236 778
241 688
628 4
901 994
738 549
498 289
225 511
577 834
211 700
578 896
662 364
70 823
489 307
876 841
239 123
650 388
250 566
284 650
584 384
512 429
219 487
906 253
424 940
647 326
751 281
635 940
545 968
781 848
268 869
730 904
623 199
204 87
702 210
540 665
742 723
433 819
621 290
696 903
915 103
554 493
246 361
781 562
359 522
604 647
166 110
725 501
982 268
360 523
911 768
769 879
809 842
994 470
105 985
585 593
861 614
480 673
577 87
279 43
852 863
446 53
913 53
701 224
519 817
278 225
705 139
374 286
187 313
317 950
728 963
905 491
13 477
931 678
288 676
473 744
591 272
697 825
140 32
13 302
1 302
917 744
295 644
106 221
824 992
76 821
183 115
96 91
370 240
495 178
81 794
776 774
266 252
997 85
381 39
537 95
888 197
707 907
466 999
251 519
894 511
699 255
883 74
738 859
814 540
665 300
774 126
669 332
204 676
393 977
105 351
124 493
241 271
479 797
355 771
63 82
195 362
358 906
272 993
402 944
20 263
521 443
649 369
32 638
171 245
502 705
400 124
450 932
808 814
241 105
792 327
479 51
942 825
360 841
144 662
792 502
21 780
317 421
575 151
781 598
731 763
382 661
952 252
702 40
26 521
892 822
696 687
363 312
626 382
939 551
479 358
246 23
951 968
633 562
202 494
407 122
625 271
739 259
653 122
504 848
231 167
309 809
273 259
112 309
886 284
723 887
73 569
624 208
328 493
435 531
148 600
75 520
793 869
861 884
300 883
429 17
72 786
897 711
511 600
40 304
611 571
499 501
358 883
780 52
864 575
840 279
384 301
996 666
153 480
451 263
315 291
220 472
353 761
728 513
67 311
50 571
107 378
269 679
811 948
594 60
577 778
308 9
682 683
820 218
120 986
752 987
270 538
517 635
522 131
150 832
100 491
73 745
376 659
218 122
113 864
55 605
784 91
62 24
760 761
462 577
553 952
994 602
316 690
885 911
603 242
217 947
312 985
958 112
436 378
679 142
811 460
485 787
948 221
252 738
187 933
102 625
723 727
36 906
339 734
654 107
892 434
276 372
403 593
575 687
949 291
355 328
302 321
448 576
89 308
142 302
630 149
633 695
969 341
17 192
400 200
553 22
990 253
314 514
539 71
79 774
260 620
109 217
842 60
639 663
807 792
603 825
286 631
639 175
589 838
331 654
637 690
559 366
926 551
782 523
72 782
845 685
737 44
426 781
463 998
125 414
750 794
841 990
325 309
605 793
149 7
496 813
723 478
232 402
90 545
333 251
81 866
135 69
926 336
450 441
824 758
537 23
186 495
370 320
116 876
650 693
881 596
219 109
482 257
985 69
373 810
195 4
971 679
393 676
333 430
850 728
376 876
105 279
398 346
256 817
160 859
626 194
644 485
761 857
887 233
31 647
968 625
553 549
551 22
40 624
38 175
935 183
449 44
639 809
624 638
944 20
142 376
39 723
237 163
868 377
100 963
925 750
431 101
200 953
12 636
558 688
207 514
361 166
528 899
483 557
624 860
753 952
995 967
64 163
959 608
526 61
123 640
566 770
2 361
316 9
83 366
678 347
607 195
259 251
120 745
637 796
984 402
16 484
804 389
533 857
684 947
81 642
387 351
830 753
392 470
31 788
291 187
645 708
581 198
874 336
750 839
897 783
899 329
813 499
77 440
577 976
870 127
428 38
391 759
34 365
141 647
606 581
719 878
940 905
962 753
990 240
618 127
394 101
305 390
767 594
827 281
205 421
99 958
25 775
688 65
82 304
160 554
508 250
183 466
834 678
963 86
967 646
380 60
76 293
472 280
560 410
856 769
881 338
539 820
959 496
872 43
302 850
982 176
711 530
142 827
539 872
181 991
75 372
462 808
543 513
251 23
531 969
787 51
293 262
331 95
792 411
544 332
954 823
910 431
428 737
374 194
145 268
277 867
957 193
14 386
736 770
737 575
635 344
875 329
861 918
274 742
370 915
704 951
848 527
867 317
61 238
780 348
283 348
844 603
114 888
13 476
33 867
469 746
794 243
723 203
338 215
725 574
799 358
175 440
322 924
514 242
495 991
511 468
850 314
558 251
281 77
245 260
196 344
966 364
549 476
854 781
230 43
965 172
14 792
236 984
664 953
750 99
297 868
745 306
817 109
376 811
270 797
838 840
769 194
128 246
145 808
441 369
244 354
651 226
301 933
413 235
513 197
343 110
984 720
951 552
150 714
427 979
854 488
910 988
513 118
896 122
609 749
51 493
975 522
289 7
717 127
521 428
446 175
473 339
134 504
450 933
336 494
136 236
635 824
708 548
963 75
813 503
222 336
792 503
901 187
778 740
676 808
352 203
375 259
964 876
179 44
217 225
442 710
541 486
230 937
122 46
947 51
311 424
347 915
41 92
356 405
635 498
752 56
349 134
424 227
748 76
386 525
236 376
758 157
300 989
429 255
73 173
258 489
323 533
841 80
325 463
535 204
867 644
301 820
340 524
291 448
646 586
998 770
707 584
641 330
699 60
851 361
11 94
249 575
750 601
785 683
914 909
8 808
426 475
335 553
893 111
395 332
988 837
592 550
223 712
483 407
10 109
142 550
209 251
856 842
624 817
968 888
937 655
419 672
848 478
8 661
336 2
191 140
481 285
271 100
698 304
55 973
223 383
69 901
379 21
615 296
53 220
91 921
574 982
647 542
30 548
507 841
91 566
543 248
138 717
772 396
778 573
174 674
843 203
469 366
79 739
795 210
613 615
714 782
701 4
412 561
587 229
643 151
991 335
726 552
340 467
876 253
515 977
535 498
921 394
850 480
776 387
834 992
801 816
418 660
456 351
793 832
922 100
504 75
103 157
732 883
35 133
254 27
40 301
767 706
813 398
617 533
871 152
230 96
738 591
903 157
392 773
465 433
376 244
512 566
859 737
349 735
776 991
51 953
992 445
846 8
793 188
647 41
667 663
346 246
102 457
87 940
520 197
674 504
646 114
492 594
204 478
318 82
212 945
825 952
659 370
769 758
712 284
397 690
5 445
193 633
571 617
584 546
749 152
922 904
237 452
520 266
497 287
316 949
476 275
490 992
65 492
325 946
643 469
675 752
92 626
862 122
244 950
95 361
98 479
762 54
504 794
433 290
732 642
913 984
970 27
59 488
576 190
79 997
192 183
305 872
838 18
589 920
442 323
942 12
746 757
268 203
514 239
145 656
741 958
889 139
413 627
620 877
345 933
220 99
112 604
844 869
981 281
666 69
280 824
353 838
879 954
710 890
312 63
69 940
658 737
334 352
452 982
935 931
610 602
685 56
926 290
968 500
145 835
793 239
578 879
797 527
910 854
604 63
863 786
149 252
409 615
618 399
574 594
686 572
402 827
55 535
385 527
526 640
301 755
638 676
513 779
349 317
273 853
621 655
893 490
776 295
789 543
527 399
415 865
311 816
42 7
637 714
668 375
999 423
468 797
285 929
270 15
436 307
744 772
88 1000
18 943
769 877
130 533
386 651
726 775
766 848
913 154
348 601
844 374
683 560
745 987
961 182
47 57
641 816
78 913
888 557
904 818
796 864
572 223
476 292
614 582
814 132
628 678
610 505
370 882
540 492
27 707
88 467
235 356
421 967
485 772
926 636
438 138
370 596
963 505
802 937
729 767
54 986
625 830
129 49
704 395
561 22
853 806
12 458
606 550
828 700
479 744
794 692
387 886
525 516
837 754
180 523
242 892
793 372
64 776
565 664
76 507
811 872
133 780
81 75
854 718
398 352
811 249
684 137
208 698
191 107
48 747
609 334
717 207
189 406
725 708
323 432
198 716
271 176
536 223
920 702
482 371
997 432
783 21
215 599
398 45
564 188
476 853
222 337
739 841
812 523
796 384
268 617
695 862
55 65
316 77
737 401
251 272
646 821
593 525
61 47
800 218
247 964
268 335
621 183
984 103
715 62
273 231
438 699
754 536
562 679
566 971
5 585
881 587
573 150
540 321
411 415
822 639
469 653
465 137
476 191
81 713
456 549
927 272
378 585
253 843
954 414
775 732
392 923
689 155
136 869
432 396
112 612
413 940
767 823
327 874
723 437
859 821
491 649
392 710
99 872
387 850
462 314
393 785
50 648
289 960
609 671
42 520
884 279
632 232
82 761
871 571
730 701
233 867
756 329
413 16
768 1
533 478
702 398
761 978
868 914
302 792
963 958
213 323
661 427
501 632
503 30
655 141
180 35
203 194
197 125
754 758
565 176
310 263
367 684
740 394
269 292
492 51
196 702
293 430
39 702
830 159
726 988
433 603
711 136
144 914
36 640
199 948
406 374
905 437
750 790
839 228
731 999
202 491
460 695
10 950
635 259
568 712
403 102
321 350
508 846
783 594
295 872
885 120
723 789
45 769
118 857
448 885
766 725
356 142
135 784
84 840
527 718
384 94
258 381
500 952
358 42
870 81
449 811
354 1000
832 568
615 231
33 645
231 542
817 261
6 570
452 360
107 291
150 755
345 437
366 93
56 994
781 984
855 43
163 757
534 964
958 816
617 458
555 196
934 408
412 703
665 949
782 284
72 871
626 418
238 996
187 850
544 401
81 916
403 766
765 637
657 807
285 766
98 109
740 652
101 922
669 664
212 485
70 911
970 137
259 108
957 413
154 346
839 497
654 359
362 473
472 313
138 382
853 717
545 756
697 817
941 608
442 320
831 942
904 629
266 530
250 485
583 485
953 820
550 758
907 212
934 657
996 894
658 591
989 191
810 786
305 71
289 573
779 446
194 754
376 785
767 975
805 750
849 310
958 656
929 510
235 642
971 748
197 967
374 822
941 367
907 419
600 655
287 653
881 630
788 422
974 457
8 624
172 835
431 598
645 217
385 526
974 376
501 798
726 489
929 73
233 708
380 173
830 283
958 55
881 289
42 117
740 108
8 317
216 384
240 86
464 702
462 857
624 668
238 896
846 707
275 424
65 94
636 787
484 512
503 484
507 993
382 719
554 10
717 622
847 899
165 60
84 204
411 148
322 585
714 839
531 391
283 147
535 343
331 413
45 679
317 834
719 411
792 968
353 22
780 301
958 574
88 293
586 492
605 256
274 902
596 69
245 401
712 602
875 6
466 49
448 556
969 222
516 533
463 171
794 403
918 731
913 519
404 254
667 560
233 437
931 231
1 126
148 251
522 392
944 106
266 74
638 916
825 729
370 134
760 770
488 197
642 556
200 345
238 497
972 747
719 610
9 309
686 601
942 376
935 394
369 471
955 584
663 891
411 534
431 731
930 262
109 269
361 573
244 696
479 175
17 963
256 616
384 605
522 863
412 107
910 286
661 616
975 959
218 473
237 395
871 356
21 890
91 714
630 285
498 712
463 878
908 553
467 363
340 219
587 106
515 729
697 542
58 788
97 14
888 987
653 891
265 906
658 211
680 807
678 278
511 35
397 931
139 586
801 697
107 94
519 935
244 797
689 952
799 439
691 214
418 654
516 491
934 590
334 266
260 681
559 343
33 813
469 838
719 157
192 414
49 59
548 43
527 375
605 6
36 263
435 931
699 62
23 632
686 296
444 659
384 78
681 1000
90 690
318 715
511 506
234 442
950 28
628 238
168 836
8 953
427 49
147 334
295 126
208 160
998 443
255 842
206 27
220 543
800 863
665 989
320 665
502 689
838 831
968 969
935 63
919 666
106 192
316 589
647 651
25 648
137 70
360 793
535 244
911 54
894 986
646 321
579 894
262 574
526 923
29 321
948 41
363 507
933 955
147 778
386 558
169 838
396 218
392 60
809 886
147 891
97 548
411 62
175 73
947 992
625 206
56 319
620 327
360 725
549 973
531 334
715 477
931 517
895 220
753 755
737 726
149 576
259 128
540 311
568 512
657 501
520 312
623 914
614 527
207 111
245 472
325 16
867 597
482 557
581 239
35 135
630 488
357 135
407 607
818 354
144 381
110 696
186 136
439 814
903 159
962 696
271 529
217 186
78 5
651 223
673 635
820 766
654 998
372 401
949 783
314 278
6 64
634 863
121 768
416 490
987 101
309 17
574 519
42 380
595 616
941 479
746 388
820 899
716 748
728 298
167 36
164 983
134 311
730 944
750 439
56 159
990 614
39 494
886 567
346 808
699 740
406 582
887 155
1000 532
420 614
386 562
8 96
178 944
593 571
640 456
250 46
322 499
208 188
625 234
753 957
80 545
799 728
344 214
74 451
899 142
201 852
868 641
749 730
53 867
936 393
458 999
499 739
904 743
193 608
748 406
952 755
404 534
885 91
780 409
728 922
50 186
898 76
412 721
142 592
610 309
371 251
465 258
236 493
927 120
270 917
585 574
462 81
455 653
641 432
881 779
642 875
914 900
25 641
171 705
922 395
708 504
729 899
806 805
203 752
664 894
349 594
688 68
548 464
897 200
60 974
647 412
685 873
778 93
372 612
689 366
211 926
356 982
162 230
882 153
917 514
246 976
928 401
215 879
440 107
441 935
967 929
200 619
203 828
256 322
693 182
961 328
925 429
285 782
513 555
325 140
616 162
180 139
665 769
905 274
744 774
302 418
673 286
622 875
588 911
751 589
75 36
131 342
955 615
188 285
619 547
446 605
675 789
910 204
624 891
998 558
762 985
529 456
503 517
343 848
843 168
157 835
170 530
317 833
486 888
32 991
350 283
304 511
931 682
329 28
257 815
245 400
230 460
468 433
183 990
921 241
176 776
818 347
729 588
495 841
520 721
465 366
764 646
874 194
876 628
552 322
805 560
917 470
261 530
478 808
449 786
638 10
585 414
217 860
732 91
626 754
150 606
180 533
141 825
827 294
115 504
595 962
190 490
101 53
67 125
703 105
54 149
369 325
721 1000
500 520
445 552
750 269
98 607
831 244
464 494
229 802
251 982
12 776
986 111
659 319
4 648
901 390
668 439
651 675
855 835
350 921
361 503
749 198
621 258
770 290
731 327
401 253
809 648
772 260
222 343
574 904
26 738
423 932
62 252
526 815
543 887
626 403
326 305
990 856
331 205
598 141
393 482
32 174
415 613
201 553
24 705
97 904
204 932
389 630
84 370
527 816
621 181
933 73
647 957
979 391
373 924
106 633
947 165
676 429
587 250
92 564
287 643
774 982
331 440
69 260
970 81
239 692
495 542
966 429
325 59
201 101
809 358
41 908
116 336
170 808
671 648
540 493
988 284
619 472
33 925
586 227
698 921
111 716
48 177
734 353
758 557
836 879
305 225
695 52
770 365
789 191
348 129
812 240
867 871
617 856
619 262
768 886
646 698
953 446
440 743
813 218
245 936
584 254
395 321
381 184
453 731
368 889
189 27
461 192
924 760
409 605
712 130
56 934
533 412
828 872
623 37
716 713
328 538
498 214
171 68
446 78
158 322
932 877
95 813
740 86
613 928
816 654
285 837
588 354
204 155
735 112
109 18
296 433
169 837
79 764
236 155
915 272
683 860
278 464
464 534
528 538
188 453
672 311
616 408
985 197
515 820
772 173
387 73
395 626
329 250
383 11
443 878
923 184
338 376
999 877
886 289
210 830
396 199
641 536
128 629
805 773
614 415
581 238
728 814
641 649
699 383
903 265
281 10
689 133
83 146
466 246
619 452
72 129
469 897
155 181
607 687
96 7
168 628
617 683
907 219
486 332
589 565
962 482
875 636
913 993
917 127
25 815
910 1000
875 525
524 983
651 956
536 460
216 648
342 472
18 200
753 487
570 183
682 941
77 933
835 201
375 128
983 321
821 102
289 47
574 870
42 415
649 397
192 544
246 663
87 509
768 269
570 905
133 245
982 394
711 328
270 54
38 50
369 841
338 792
999 717
356 593
817 929
948 189
897 387
950 839
221 589
352 900
502 285
317 90
585 762
531 252
236 14
643 470
936 364
990 931
539 281
615 530
455 701
627 788
84 25
140 219
253 702
415 339
606 98
753 670
516 142
149 611
193 615
377 130
72 624
970 105
814 222
102 284
429 196
912 34
767 26
514 234
291 191
278 939
127 776
590 688
844 864
536 236
796 707
390 736
656 438
175 646
803 169
107 724
515 381
223 990
836 944
222 679
560 850
44 195
653 166
214 759
824 807
608 78
530 413
828 579
529 655
929 508
694 188
972 566
797 701
393 205
450 264
785 769
699 839
565 111
426 289
11 377
33 385
472 671
487 303
346 120
294 26
20 249
205 131
578 703
209 680
375 247
383 239
164 972
328 594
113 812
138 991
360 195
955 780
460 166
673 51
238 791
97 641
424 719
964 678
445 199
963 662
300 210
855 525
948 145
950 803
458 165
39 576
575 658
783 321
182 804
992 752
754 499
460 618
464 877
583 20
397 151
323 854
292 435
790 406
370 911
956 906
758 26
525 155
283 336
670 860
715 373
607 291
356 438
745 762
396 32
555 675
64 464
652 241
304 335
414 388
124 971
987 706
328 325
76 931
666 53
671 804
896 562
453 307
817 16
158 792
620 995
805 575
504 353
489 496
805 640
906 809
101 163
180 534
641 12
509 862
799 873
811 988
8 927
869 174
870 377
708 108
746 315
674 460
750 675
5 346
716 599
901 739
544 928
998 413
621 590
413 9
833 950
513 788
682 869
422 424
479 169
817 702
164 887
769 563
700 769
263 809
947 744
804 807
345 62
933 901
881 92
827 257
713 316
625 87
422 551
104 827
260 192
28 164
446 751
201 552
493 688
131 181
282 811
445 461
13 137
289 991
683 529
952 590
892 579
339 916
377 201
839 803
573 147
371 487
174 70
557 206
782 641
35 284
615 582
904 527
118 739
704 204
758 947
193 841
362 64
828 293
617 718
101 485
928 943
301 227
306 571
788 651
862 540
141 935
244 467
617 863
444 685
765 207
784 338
34 145
515 450
76 564
383 904
152 220
284 553
546 308
341 680
819 155
513 37
367 132
850 862
245 856
837 612
287 583
551 954
789 769
259 778
108 907
474 237
682 950
460 8
879 255
260 503
371 524
543 564
785 198
726 467
111 470
702 402
579 864
375 477
929 849
749 176
682 123
351 84
78 820
69 675
568 377
108 335
204 890
978 869
479 304
635 38
321 946
251 305
621 738
938 803
117 344
954 742
875 388
625 349
933 108
662 570
274 667
460 690
634 229
961 883
356 867
196 984
268 509
701 113
478 282
156 522
587 629
922 262
533 680
377 907
118 860
671 734
399 827
435 626
185 651
240 746
740 815
362 21
491 955
679 956
663 283
961 703
582 201
659 988
895 274
332 716
115 228
64 550
11 993
533 876
989 378
243 72
233 34
50 728
947 605
366 774
704 613
725 837
629 917
29 846
267 857
774 168
152 423
560 100
854 486
570 197
203 564
20 230
617 590
523 249
266 354
820 909
87 158
313 397
521 488
460 44
372 800
341 799
347 482
274 42
462 977
144 648
512 148
142 979
734 617
626 78
717 869
415 239
501 458
392 50
377 724
181 664
875 857
977 521
484 623
213 55
217 172
847 936
418 810
334 789
824 522
374 106
892 467
952 471
921 735
518 523
795 178
134 768
784 673
52 649
970 180
808 295
112 148
790 395
256 926
579 664
453 494
674 250
144 159
33 638
572 311
867 405
117 94
706 525
339 76
73 105
827 848
535 131
235 701
190 889
149 949
64 659
727 616
802 897
215 436
718 277
296 550
335 975
543 170
818 407
695 127
564 865
102 81
985 795
620 670
327 956
168 655
388 576
794 719
872 624
251 750
487 998
630 942
811 768
404 426
262 952
447 116
731 41
732 262
497 243
647 303
850 697
392 353
710 491
512 82
821 456
259 979
207 937
138 988
418 92
432 753
626 227
895 717
223 192
792 763
243 702
118 318
411 986
749 120
270 19
588 58
660 671
682 51
927 870
494 621
556 536
961 104
374 199
907 846
290 836
333 866
687 823
160 312
969 566
655 550
94 81
248 609
465 928
541 575
800 251
911 605
218 772
923 355
841 449
250 405
141 226
953 996
607 435
150 16
614 469
857 532
295 642
991 929
41 688
267 50
272 396
721 691
193 910
852 199
881 821
78 67
465 14
673 545
177 658
698 84
147 454
241 551
292 677
556 154
137 764
216 803
586 641
146 626
474 103
312 374
755 10
756 369
388 971
225 767
266 427
584 418
198 806
18 440
91 146
223 497
941 626
449 348
12 778
696 843
513 875
824 411
39 35
542 398
817 701
88 571
424 541
924 858
561 688
51 478
89 151
164 711
424 684
631 171
541 223
691 750
532 390
829 324
458 706
609 898
126 640
796 97
88 760
30 894
472 470
899 187
22 958
487 166
175 261
823 441
75 945
886 475
136 523
908 153
984 335
624 214
328 275
476 187
83 11
73 33
917 278
221 233
101 403
942 187
531 862
567 858
261 739
375 709
504 274
487 763
533 855
96 236
686 303
692 683
194 569
641 687
200 154
11 825
868 553
23 746
7 161
301 900
213 461
55 693
836 14
594 457
632 236
873 6
68 800
327 533
204 288
556 13
3 919
890 835
356 123
484 48
391 548
116 453
87 245
646 26
649 262
272 682
695 619
493 79
768 491
445 812
870 764
158 467
825 238
551 104
720 44
973 470
591 859
355 3
40 553
385 902
143 504
145 210
273 933
661 762
832 436
482 117
389 967
450 727
952 781
883 995
313 485
648 6
523 838
175 59
801 632
929 547
127 210
311 395
954 298
978 900
482 855
31 536
692 966
16 367
914 328
700 473
245 198
118 802
691 134
70 65
550 383
308 894
663 52
301 403
432 334
932 11
785 537
680 615
226 434
232 683
69 24
509 193
771 796
993 156
305 178
453 266
419 182
646 555
774 508
187 178
667 588
542 616
875 737
230 727
326 667
811 633
208 466
935 664
702 765
349 587
389 308
871 970
195 125
562 429
110 264
6 71
392 503
136 414
896 39
988 725
683 353
168 946
881 680
552 856
1000 10
899 678
882 82
974 102
410 692
498 359
503 254
820 172
256 595
403 292
702 136
904 223
529 714
839 273
611 334
227 121
486 566
826 124
60 335
190 474
460 497
796 123
305 461
819 138
182 862
728 208
13 208
434 205
783 412
160 537
477 899
745 883
677 10
955 375
352 339
155 734
904 746
136 628
600 57
926 51
115 564
806 725
233 449
415 672
639 296
461 753
980 307
694 481
783 848
983 93
654 679
713 41
698 863
405 139
907 249
78 272
329 202
328 920
1 22
609 505
115 960
663 540
408 16
889 601
742 779
585 368
842 609
936 742
48 486
919 904
9 285
671 279
416 265
932 961
350 646
47 674
124 55
881 340
937 714
630 841
877 800
968 889
152 721
942 804
262 618
344 377
566 420
824 67
237 18
294 91
207 718
777 115
320 482
360 995
325 639
222 265
316 854
192 812
655 487
382 755
243 991
321 889
568 422
914 238
58 892
809 988
386 823
576 41
128 640
856 97
676 436
969 646
645 511
518 903
667 91
571 551
331 622
64 419
541 687
121 54
302 93
453 31
383 338
738 191
576 14
336 803
408 432
362 888
163 390
473 401
747 196
433 981
756 190
590 565
194 675
435 843
516 672
393 623
286 226
881 820
292 599
244 360
923 863
618 93
424 70
529 708
54 249
632 209
483 609
559 864
963 171
821 265
378 286
20 546
169 658
96 414
902 58
744 282
66 314
357 489
786 547
617 586
146 642
642 543
792 176
498 177
953 674
907 673
935 23
540 581
868 74
183 109
75 278
354 323
501 528
194 440
217 969
513 564
249 472
191 453
928 13
976 738
716 100
754 307
312 802
792 620
191 554
730 312
179 50
41 53
577 155
5 658
766 881
820 297
108 11
218 711
448 293
455 758
79 698
756 781
265 910
462 106
476 261
168 238
277 468
813 642
67 662
410 183
726 625
429 291
400 897
221 119
120 918
550 562
935 768
798 485
280 710
901 196
209 768
128 906
24 715
405 82
104 537
37 686
729 734
896 399
695 49
733 254
145 893
607 709
684 294
647 178
595 133
851 367
746 123
181 300
699 163
205 406
310 3
393 788
46 574
99 742
842 697
902 407
751 490
688 15
390 187
449 541
410 781
439 495
342 320
287 577
860 261
674 635
137 360
239 198
618 112
23 700
66 433
583 628
53 622
17 595
328 620
494 345
995 276
185 816
501 579
561 578
718 202
454 955
848 242
227 207
754 666
363 511
311 887
829 758
223 27
984 863
763 126
138 759
88 822
179 481
346 626
666 917
539 385
562 610
857 102
625 194
623 587
700 756
810 340
919 346
333 303
565 462
179 191
148 950
442 599
156 661
503 718
109 595
917 998
810 630
60 121
999 878
585 910
801 857
732 555
605 467
779 188
397 108
785 333
163 497
182 447
996 383
934 622
67 621
430 825
775 831
195 527
162 282
325 318
509 177
811 747
738 329
319 464
448 647
177 511
973 126
987 298
236 798
755 822
612 917
261 599
632 320
661 22
519 472
371 942
851 504
409 653
765 66
39 155
493 383
924 735
30 78
603 408
135 582
470 145
181 34
418 308
717 432
593 226
355 755
893 367
696 661
783 631
293 521
4 700
795 731
78 453
502 657
330 526
556 784
890 582
809 232
159 797
415 258
203 229
419 928
995 129
208 829
928 411
251 241
363 475
843 981
848 877
901 253
652 821
377 331
485 816
87 732
224 381
79 604
83 537
815 200
748 861
255 319
368 145
169 64
464 900
901 570
142 269
792 834
943 792
246 193
250 268
931 549
179 776
787 585
936 397
575 827
230 341
781 91
947 271
508 879
235 225
842 91
700 109
41 952
580 747
525 86
504 254
395 881
201 34
137 778
46 442
177 57
470 646
326 986
735 586
629 211
645 862
685 161
380 631
793 64
194 719
671 99
249 520
76 8
110 459
314 212
614 107
672 580
341 765
34 215
246 778
337 110
580 62
898 575
907 616
285 119
566 232
688 166
377 811
618 683
157 61
86 909
694 844
661 381
510 829
276 989
812 767
595 761
134 279
359 860
582 913
381 560
455 201
792 371
722 524
744 108
749 229
507 134
414 694
701 386
528 824
271 376
334 501
898 279
64 745
895 557
734 357
7 721
250 78
895 946
770 575
628 799
830 811
300 722
605 633
343 377
528 803
335 324
269 910
282 244
39 816
80 815
69 189
37 479
594 524
117 161
559 446
49 385
583 452
680 253
495 996
758 938
606 782
336 578
867 766
104 574
304 160
4 890
499 63
851 338
763 942
411 354
395 456
695 93
733 778
487 574
718 230
3 671
980 677
306 884
327 930
702 698
389 267
33 305
859 973
660 138
823 686
149 395
977 122
542 210
601 694
522 413
33 418
198 804
697 139
937 660
31 374
561 980
103 837
307 940
329 932
729 29
808 790
420 708
260 429
35 999
768 456
436 366
298 139
942 944
134 541
943 345
514 843
929 424
136 497
355 376
972 334
98 191
27 121
557 133
458 960
437 870
294 689
154 364
47 475
654 177
235 907
846 87
774 970
776 287
151 393
468 243
595 981
737 830
181 629
317 978
201 105
672 574
25 388
334 446
432 386
106 57
72 873
514 64
698 933
193 486
67 686
15 918
474 692
385 141
297 841
444 680
48 65
318 282
698 135
190 559
258 548
667 640
372 442
10 133
599 837
929 441
140 512
289 986
368 893
609 657
177 525
971 691
647 480
775 303
228 168
526 723
656 957
39 112
850 639
669 217
105 460
12 808
74 901
238 240
721 234
82 932
321 228
881 657
125 514
674 104
293 374
151 632
191 363
882 782
739 875
705 783
248 846
375 335
549 662
805 380
187 957
297 45
652 737
14 466
933 152
746 461
416 732
201 858
80 713
299 873
156 662
344 878
273 342
684 816
350 324
541 741
139 621
440 294
491 832
378 524
706 599
850 609
987 670
399 772
849 657
44 437
546 659
374 632
638 277
505 767
13 366
310 272
684 741
645 889
193 810
269 597
7 481
283 857
306 730
842 504
291 370
755 601
940 925
797 548
444 503
562 46
404 34
996 388
449 591
927 822
824 621
396 958
953 335
721 923
651 434
456 716
472 647
372 945
113 683
185 38
996 250
389 468
15 430
364 636
99 394
40 626
60 773
756 730
963 896
757 250
512 248
87 264
489 521
475 554
901 474
761 865
669 46
103 994
881 392
188 423
440 178
506 447
215 533
97 746
9 780
881 234
644 146
865 839
316 803
429 636
620 273
469 267
294 300
678 113
662 618
256 994
518 526
297 154
671 972
923 122
319 763
13 206
197 369
13 95
257 597
420 39
224 416
611 780
870 555
527 522
611 925
832 94
616 805
592 179
306 569
75 712
290 394
577 654
559 266
407 521
980 317
250 606
343 655
879 553
112 595
405 24
779 295
887 798
746 33
589 469
111 881
404 87
480 309
855 522
673 538
251 626
9 880
487 914
915 581
897 82
954 37
917 159
630 469
561 205
48 408
837 680
453 671
424 887
3 832
704 755
823 762
203 981
275 448
294 492
132 479
459 893
20 270
86 898
802 435
108 974
181 950
293 556
857 127
630 847
976 98
99 277
561 568
69 949
414 116
750 84
274 139
868 39
192 512
464 293
930 478
750 199
133 213
670 388
274 429
17 91
921 926
556 539
78 883
264 235
598 122
428 934
506 66
549 686
491 282
995 969
899 819
999 578
835 741
395 720
86 441
291 515
790 571
745 988
585 619
658 233
2 325
313 892
45 673
743 634
606 66
18 731
571 662
301 328
999 177
411 392
133 730
876 316
128 642
171 411
883 616
760 477
376 486
984 741
178 356
724 709
58 702
29 793
938 683
135 854
232 741
965 3
116 31
708 315
472 682
270 890
400 724
936 934
576 349
336 722
478 813
829 141
146 599
926 257
983 848
729 881
487 545
842 560
400 611
239 192
828 611
44 50
392 595
618 91
727 367
287 734
328 773
419 430
497 946
911 636
43 362
962 604
716 658
910 932
693 476
859 972
56 911
432 298
532 77
517 927
721 124
635 978
670 183
525 880
730 962
638 715
363 759
424 625
646 204
5 220
584 643
408 599
769 567
955 812
406 912
887 169
834 983
216 354
179 278
130 942
811 301
652 879
963 630
344 454
109 186
554 89
578 67
351 432
991 445
819 196
306 349
821 542
165 986
528 594
877 471
681 116
700 304
763 400
748 68
969 305
157 892
672 704
446 815
527 578
162 530
29 568
790 144
581 245
931 986
783 869
54 671
791 318
888 413
481 910
656 99
327 273
452 974
948 971
777 169
760 215
300 138
980 484
396 693
200 14
510 303
521 820
738 530
858 607
707 716
716 913
794 659
681 867
24 26
815 924
375 917
485 245
858 369
307 749
508 58
716 631
792 31
333 385
280 307
873 148
311 120
342 433
608 455
185 122
848 470
481 787
501 720
392 316
449 317
582 847
472 995
185 491
960 943
354 498
523 447
691 561
673 14
892 118
593 311
83 801
472 232
18 204
388 494
446 316
69 687
855 576
127 505
94 242
6 835
527 226
36 655
183 552
972 371
597 106
283 510
505 66
753 868
482 850
52 544
273 341
936 403
447 853
598 511
31 938
16 497
491 145
53 954
23 214
705 507
101 722
452 780
898 98
148 517
305 38
767 242
720 899
520 543
957 566
335 838
504 450
31 89
676 898
557 783
291 484
223 993
341 727
577 963
331 234
272 471
979 704
215 242
880 673
167 879
389 305
154 598
964 187
215 199
50 679
825 795
453 698
898 601
168 806
355 612
926 123
116 4
590 132
186 726
656 922
843 536
203 953
649 295
182 883
651 657
781 802
647 218
808 446
159 654
75 323
937 636
649 432
964 939
29 142
815 254
860 696
899 568
332 449
632 711
329 605
363 362
951 869
697 382
960 728
100 603
598 206
415 568
986 612
255 313
178 77
238 713
712 910
226 17
173 630
577 394
728 211
317 223
586 273
490 650
87 828
883 881
95 337
500 295
567 731
587 185
623 847
754 682
663 228
313 976
406 119
601 357
54 549
3 233
723 822
304 786
230 474
124 825
37 394
137 776
616 949
391 135
893 747
305 66
885 327
44 297
706 858
415 146
571 216
556 396
719 960
816 289
926 298
82 705
106 385
453 636
183 263
77 256
759 804
105 79
638 99
894 457
287 741
807 498
862 875
745 127
907 472
750 648
424 888
208 223
655 253
444 951
854 698
67 20
312 205
685 672
676 163
265 249
618 681
17 904
935 108
42 493
595 763
750 85
403 468
132 254
137 128
708 969
801 249
415 873
531 976
753 224
235 5
94 424
793 285
76 780
703 246
248 792
679 329
349 713
259 258
406 16
541 360
815 377
28 93
545 877
765 906
269 357
933 206
570 648
535 654
402 262
942 628
190 761
47 80
86 446
257 662
282 835
568 280
364 203
535 364
847 686
792 928
558 942
675 633
452 678
856 441
273 414
956 118
652 287
32 580
744 438
71 605
862 376
439 473
73 115
632 547
330 440
131 681
70 430
428 108
875 797
253 129
860 111
650 765
512 758
380 772
988 971
550 838
864 217
500 669
381 174
76 412
2 603
964 527
884 315
717 854
600 882
506 961
713 437
774 649
794 933
462 704
821 391
509 699
833 601
998 609
734 779
381 609
975 819
669 100
251 93
397 609
180 87
878 42
223 147
151 598
228 379
247 9
734 549
352 867
4 916
151 967
8 431
726 89
798 570
322 275
179 390
911 878
687 446
957 897
525 303
212 504
869 976
502 155
434 91
236 83
95 280
795 126
299 783
943 46
981 359
900 166
877 470
1 757
148 780
865 502
356 987
982 627
364 446
572 251
330 250
663 44
44 572
514 839
778 582
197 106
737 941
934 577
918 870
598 432
738 397
795 269
45 934
901 214
727 718
763 998
732 864
490 119
974 989
463 997
652 97
391 207
523 684
755 686
727 466
599 609
893 772
529 635
768 733
92 229
607 710
168 557
189 925
685 120
347 805
50 561
72 73
97 586
550 199
254 768
140 514
470 793
197 575
399 279
116 897
445 725
60 908
441 118
651 999
198 774
578 736
389 15
981 741
951 317
657 759
731 386
146 372
368 684
721 232
224 776
8 365
380 323
678 798
185 347
710 575
949 281
218 277
899 620
277 960
369 167
446 609
303 156
843 955
471 858
700 512
723 737
31 742
912 624
700 759
57 627
791 808
31 631
58 819
810 482
985 212
601 415
984 17
969 323
593 771
409 308
657 494
325 136
442 436
579 319
207 116
28 585
675 670
989 34
992 778
225 157
724 177
905 889
766 300
947 466
425 781
884 959
116 33
832 786
762 479
162 281
326 524
609 96
732 327
157 530
50 578
215 284
309 727
145 862
93 672
955 205
849 450
171 730
462 495
745 241
104 647
301 851
105 82
529 752
968 80
660 366
992 438
850 940
501 992
137 687
465 74
949 776
769 434
237 399
725 817
727 135
858 338
307 712
350 683
487 846
271 941
534 621
204 320
591 628
719 547
243 282
225 827
744 341
85 451
730 776
128 324
437 454
995 420
461 448
997 286
507 505
358 840
769 717
437 375
310 751
533 669
890 581
691 524
284 462
692 499
655 233
235 632
472 854
53 263
175 302
846 636
170 485
503 845
834 28
750 152
536 910
810 21
294 898
702 31
961 391
817 987
50 206
799 816
766 829
947 965
344 46
932 306
597 13
445 496
886 664
356 701
69 420
508 900
877 269
236 411
662 731
312 571
444 200
397 254
383 469
153 874
117 89
672 666
250 378
678 416
274 922
738 151
41 957
35 219
54 725
201 39
185 682
409 50
671 846
514 151
133 6
720 864
572 897
371 519
747 365
145 937
116 180
903 248
263 89
504 334
825 139
755 791
936 603
479 767
888 180
617 794
873 416
450 403
343 707
751 323
325 436
186 393
793 359
885 521
209 24
301 968
567 301
381 378
608 162
581 657
931 446
337 545
83 405
475 874
370 124
997 161
171 978
858 217
453 382
717 34
720 202
973 184
47 543
582 916
713 843
806 280
293 699
954 615
259 615
316 524
108 750
234 945
109 67
301 641
330 688
661 604
352 856
938 51
652 837
504 643
891 113
89 47
52 933
743 724
256 674
469 188
145 158
553 297
666 968
711 325
61 2
373 784
691 439
692 868
360 645
386 819
830 814
486 736
583 18
740 398
969 650
17 245
218 670
639 914
47 433
130 447
377 672
616 756
376 377
586 20
496 562
117 174
33 793
322 914
362 199
895 499
681 329
130 193
115 219
685 369
888 387
275 75
361 261
893 829
438 131
499 56
499 403
324 46
41 409
797 633
174 488
638 13
840 196
506 74
12 594
533 16
113 535
833 830
391 686
506 974
656 709
507 379
750 677
141 899
418 264
243 293
855 572
102 600
155 100
396 519
600 535
925 104
971 502
163 693
246 678
798 793
677 680
451 557
420 711
4 774
8 449
338 952
299 322
820 96
89 154
786 848
34 557
915 396
96 990
316 903
578 46
209 593
304 967
804 612
260 206
464 545
193 229
764 372
344 119
56 299
165 119
903 969
134 818
252 951
990 125
339 239
374 454
726 683
783 464
195 106
975 615
865 501
404 759
921 523
539 116
586 441
344 772
925 996
527 588
884 821
520 918
873 749
154 188
211 453
728 857
733 472
563 218
390 371
743 35
133 800
396 288
749 846
550 897
58 451
867 799
997 724
174 405
175 836
803 103
452 95
117 322
890 109
239 369
276 493
977 296
81 883
462 400
875 649
536 504
78 160
209 157
618 445
671 181
431 816
747 595
710 613
548 384
920 39
958 547
980 811
51 837
633 802
732 340
807 266
593 250
258 837
84 321
375 772
677 874
973 239
904 458
595 709
356 247
52 200
330 534
829 528
744 24
359 865
630 806
938 120
777 62
282 708
299 686
318 158
377 706
29 345
125 752
482 415
749 59
697 352
886 892
522 605
249 361
305 527
32 193
360 590
144 907
623 599
293 38
39 518
887 322
270 860
213 895
541 640
587 14
861 931
990 89
41 166
672 256
804 261
87 907
663 194
13 393
914 468
878 861
900 647
760 424
558 257
904 578
692 737
822 592
509 363
258 451
991 599
780 124
412 856
365 920
684 736
590 718
257 10
277 71
429 268
656 464
646 703
408 57
851 271
106 132
355 537
176 132
360 417
767 560
570 92
11 801
81 121
299 206
739 716
498 98
560 489
565 840
273 568
653 269
69 816
972 973
602 126
749 253
679 214
312 896
702 141
981 986
530 258
527 83
146 138
994 454
982 367
610 790
151 236
615 523
743 598
139 684
766 909
846 363
786 461
437 859
204 634
652 486
890 105
514 810
235 84
828 167
611 817
766 505
780 258
984 413
141 248
515 55
588 551
117 201
428 986
99 650
915 501
934 654
560 619
23 869
686 31
772 426
84 885
50 773
501 331
556 511
153 52
465 378
908 444
253 251
681 526
421 779
975 372
393 630
374 869
233 119
641 392
989 344
902 305
888 181
752 486
158 411
931 323
200 215
771 682
519 56
189 821
635 749
104 883
945 867
635 63
197 758
368 952
497 868
133 798
669 380
561 851
745 14
752 798
180 351
882 145
301 599
21 681
663 878
651 814
673 142
25 735
453 548
930 362
604 629
695 686
274 134
293 698
534 872
63 256
711 404
166 11
556 647
995 161
78 711
543 923
655 125
414 709
787 173
312 779
521 121
428 929
86 333
477 704
829 427
905 363
502 229
984 172
947 32
485 929
786 414
36 705
881 532
916 877
482 169
89 256
382 982
365 540
424 242
598 458
505 489
412 627
537 638
404 579
305 898
508 655
951 271
573 249
705 417
339 223
879 985
885 722
573 362
150 133
244 32
797 854
418 837
864 509
516 542
405 57
780 155
888 549
324 47
242 656
629 804
277 127
595 236
816 207
998 219
345 681
78 69
444 887
430 710
289 818
864 842
314 359
613 321
725 775
797 666
769 505
863 905
828 860
727 78
103 752
536 11
560 508
264 846
872 483
267 581
399 64
437 317
260 282
498 829
246 679
873 991
506 272
696 960
797 805
882 919
243 578
811 302
596 712
950 281
763 105
503 338
341 51
89 10
492 193
557 847
524 895
364 11
824 358
844 317
557 992
246 99
321 856
31 669
549 976
472 476
476 508
923 39
579 713
710 365
183 743
679 546
645 478
357 688
598 470
947 218
54 624
371 398
25 366
763 514
395 812
359 119
110 843
791 202
26 64
31 209
527 764
378 455
126 209
560 563
662 910
281 54
432 390
124 874
220 428
81 882
615 245
11 75
949 897
676 847
440 751
851 483
335 562
928 644
341 689
983 230
551 546
726 740
979 519
102 746
341 546
159 625
592 672
129 934
635 514
157 112
702 436
902 170
941 592
730 933
678 653
56 140
403 417
811 108
579 216
446 449
685 184
412 64
895 643
402 170
377 723
887 63
209 700
138 752
52 926
697 359
347 810
991 13
100 930
968 372
677 318
109 812
19 138
536 594
670 765
655 331
913 88
145 502
865 423
724 366
286 833
87 906
718 836
455 614
3 97
343 897
219 671
326 209
2 187
330 284
573 176
297 493
514 286
257 879
775 677
228 726
580 515
804 75
116 35
46 274
563 740
33 945
654 717
34 490
276 275
314 74
282 674
11 998
180 951
876 245
353 766
918 817
189 959
465 63
341 740
224 802
958 589
726 963
376 989
233 948
449 149
788 404
383 826
555 568
964 309
416 483
381 453
402 714
720 337
258 806
712 309
775 55
254 700
42 500
631 474
264 774
302 834
37 780
531 840
199 334
381 551
882 76
42 391
95 240
479 238
861 515
337 705
585 667
664 342
39 374
412 420
147 817
460 408
408 45
344 385
326 369
424 505
208 592
962 528
862 214
946 72
724 275
563 151
416 764
71 340
460 613
277 565
667 117
406 411
942 313
635 313
537 169
10 78
719 393
352 361
822 898
556 891
44 518
935 886
112 504
420 257
400 248
49 489
505 671
906 671
144 451
63 536
634 708
852 371
728 641
107 716
913 529
127 641
220 485
775 943
614 157
742 422
409 850
229 369
186 443
716 837
145 824
21 101
719 882
75 989
926 440
34 208
129 204
662 470
665 434
775 77
262 32
764 968
324 377
876 958
243 331
64 854
48 363
410 846
506 539
103 719
487 876
54 305
938 396
47 680
565 939
640 30
952 288
626 139
61 604
333 727
405 698
925 51
919 782
473 492
574 778
744 81
981 780
448 350
713 986
364 437
939 264
668 330
762 669
341 30
369 877
308 160
193 31
549 682
903 634
882 677
973 762
758 368
282 991
504 611
800 144
377 984
297 250
761 445
887 261
800 271
622 594
628 907
425 862
300 938
452 673
472 287
164 253
995 717
245 678
57 239
933 303
365 829
573 248
991 537
649 728
947 437
876 335
609 204
442 221
741 967
678 681
162 748
568 855
399 745
590 660
797 966
233 586
11 977
874 203
124 574
821 73
971 991
201 291
558 217
185 791
737 322
251 96
43 465
244 374
779 732
647 639
931 382
281 793
534 713
543 405
141 897
381 284
755 19
901 747
519 172
246 922
744 90
360 9
198 793
199 873
94 734
276 639
890 665
377 970
285 199
622 7
255 809
328 630
665 601
685 614
246 676
384 542
470 444
881 507
556 725
423 974
961 291
420 592
39 318
132 108
410 449
467 535
677 392
643 632
221 540
338 728
393 489
426 716
507 903
801 323
660 553
94 165
222 126
95 244
378 834
305 626
100 781
514 614
773 66
544 177
250 222
503 736
767 279
737 704
313 924
335 475
748 64
186 163
963 508
738 234
6 756
187 198
12 93
178 437
988 358
456 303
867 547
207 2
211 455
729 518
197 248
594 892
222 581
387 528
534 309
909 907
26 527
723 415
707 994
46 358
414 394
896 389
988 59
681 581
591 206
542 902
658 136
836 231
585 417
234 273
732 48
236 839
37 818
614 89
719 810
766 243
509 890
643 401
254 566
21 383
461 328
688 148
38 478
513 991
845 34
920 967
960 820
850 632
963 939
52 202
860 545
77 777
777 211
800 796
599 132
13 737
160 187
109 120
327 449
256 590
613 824
134 611
13 626
803 784
787 119
477 613
848 135
226 807
268 512
285 638
783 227
571 953
143 320
22 627
188 367
30 818
749 458
644 74
882 749
248 561
801 625
803 331
127 219
843 154
566 805
978 639
631 859
335 270
887 717
264 389
413 219
620 456
589 358
531 457
718 837
810 624
690 154
107 52
714 20
168 176
743 355
110 868
383 272
849 660
837 653
23 835
262 505
948 772
497 873
495 795
560 976
915 975
943 515
512 915
732 246
382 427
662 233
224 965
893 208
945 923
509 60
384 181
24 348
229 429
529 757
733 519
638 790
354 878
686 445
629 288
146 546
937 821
371 805
495 308
708 172
603 414
859 8
362 608
453 823
385 575
651 772
691 883
447 169
485 358
413 457
459 279
223 310
109 459
809 557
954 590
494 383
256 335
618 595
69 877
51 494
658 314
215 675
578 485
209 526
85 147
530 256
913 392
184 188
368 425
593 672
868 366
174 603
195 988
736 351
770 674
408 927
674 639
418 686
130 692
539 272
776 254
80 539
946 306
566 799
491 83
350 410
768 572
516 375
222 848
95 482
653 10
891 515
783 699
163 258
18 515
19 806
685 505
995 545
487 453
111 553
903 471
390 755
767 146
127 819
974 792
508 442
328 48
415 748
814 816
428 27
240 525
654 857
609 498
292 570
522 411
613 774
803 398
552 654
882 429
664 840
974 421
741 358
465 171
780 934
68 976
971 737
167 924
719 659
544 925
172 822
689 356
785 905
660 99
661 278
920 912
439 712
613 13
446 188
673 232
124 78
717 223
568 955
612 29
303 386
394 426
638 547
52 130
436 225
742 306
94 445
318 197
434 488
85 198
252 345
666 821
518 306
29 287
985 505
915 482
938 961
886 779
119 864
412 312
285 550
436 438
627 989
792 646
353 464
540 60
248 762
363 219
734 510
773 674
169 869
689 687
139 714
526 490
343 874
967 364
1 749
992 632
45 668
690 211
377 52
733 303
934 974
391 449
288 690
951 265
143 892
130 45
295 805
832 959
245 358
763 745
76 980
885 182
867 663
223 813
239 489
551 745
871 212
124 575
305 243
824 861
989 265
537 440
439 872
872 553
672 869
547 115
200 73
736 11
916 139
936 713
422 628
685 818
246 872
137 740
580 24
986 339
396 835
91 125
114 182
385 502
59 798
466 763
512 391
882 179
864 938
945 127
316 717
633 416
673 244
734 783
147 29
955 690
354 491
940 422
707 437
776 33
416 10
218 138
275 193
80 167
966 318
872 131
636 100
229 522
51 294
749 195
273 800
131 414
798 574
565 209
70 657
363 409
554 66
592 145
169 224
62 373
748 780
646 811
256 816
985 417
27 127
653 799
360 740
783 428
875 368
274 684
190 616
728 143
343 782
236 478
165 854
439 283
334 631
596 142
961 799
763 407
601 304
527 984
733 307
607 270
245 173
814 172
1 491
218 915
306 988
386 167
426 904
115 433
945 156
875 991
785 491
269 730
361 928
754 976
434 618
793 913
449 859
858 681
931 63
758 682
739 673
751 279
738 670
722 251
760 954
349 821
615 324
730 542
327 636
797 380
489 757
966 769
609 516
973 27
137 401
781 936
547 730
613 69
262 779
105 438
930 289
750 422
90 204
446 154
555 212
649 415
321 254
216 468
109 119
274 204
147 934
256 349
134 608
82 817
363 500
806 182
863 419
481 609
570 182
92 861
787 231
402 315
425 106
887 430
190 810
448 389
83 412
933 130
520 121
226 6
999 897
982 689
394 934
288 429
557 476
681 202
127 77
108 245
274 547
95 393
501 375
616 672
230 672
802 687
469 708
394 384
738 143
740 833
582 36
527 685
606 942
937 736
793 851
277 354
889 250
338 144
410 261
162 674
325 406
609 11
516 577
314 985
794 836
248 93
340 565
180 126
21 222
923 766
654 834
180 945
362 828
722 76
906 775
466 782
802 852
110 417
185 846
721 780
353 395
924 679
121 668
267 848
594 421
630 478
47 662
375 229
431 567
329 917
826 291
96 716
958 828
492 371
473 406
934 261
995 313
414 689
906 298
711 429
126 919
644 378
555 785
8 412
744 902
191 437
126 998
548 970
19 252
73 432
247 866
907 861
947 856
649 34
714 629
507 977
868 178
535 960
136 399
781 481
31 710
378 110
883 967
886 121
197 268
142 391
273 308
476 341
295 947
4 428
634 113
110 918
736 449
184 872
485 745
500 194
358 224
434 720
236 708
60 506
810 887
171 911
689 846
249 823
965 41
767 157
639 699
194 750
803 9
345 801
96 61
24 266
315 285
79 300
124 651
196 8
309 311
974 59
996 471
654 969
159 277
91 483
953 508
484 333
436 861
703 825
579 487
542 249
695 389
495 32
8 715
426 166
506 648
315 646
742 627
449 504
765 306
677 688
221 788
863 709
869 372
673 457
14 195
215 582
184 234
612 42
977 979
523 587
859 837
237 411
382 292
203 23
194 934
373 875
778 535
728 406
564 4
359 648
929 641
307 21
406 275
661 826
131 323
949 822
808 381
204 522
142 496
473 991
438 603
95 432
501 980
135 537
176 598
469 523
279 286
525 226
504 178
467 38
840 524
272 72
678 448
420 464
709 470
748 380
241 914
936 142
700 255
866 723
794 116
402 788
559 308
46 473
552 446
510 170
995 97
64 712
987 994
676 967
737 215
484 987
443 364
380 769
271 594
884 145
704 567
867 965
231 602
717 271
811 982
850 880
135 272
160 580
958 911
739 696
133 895
171 452
636 272
266 336
30 393
358 554
859 115
552 905
683 417
460 30
262 812
122 525
466 651
324 637
707 436
602 130
643 860
845 286
652 918
610 520
925 311
967 546
485 881
786 110
592 289
296 254
44 900
388 278
192 959
321 861
967 450
992 662
810 267
403 947
334 965
839 132
587 247
291 946
553 43
202 91
535 399
278 156
598 469
912 326
453 106
888 709
583 272
516 479
12 46
35 151
145 587
864 301
844 851
247 391
750 777
72 144
132 502
590 758
793 912
79 375
462 101
709 236
487 754
20 775
405 377
867 912
337 141
101 380
564 836
159 348
163 793
760 955
758 730
121 647
219 30
437 203
241 506
7 809
668 712
834 736
575 893
212 828
674 89
177 919
968 870
533 274
437 493
545 18
560 336
209 262
941 589
284 368
256 465
445 803
197 980
587 710
224 601
843 848
356 465
682 97
631 134
777 435
869 541
781 619
51 178
536 550
355 232
729 59
217 207
607 62
247 959
286 821
382 898
593 321
520 201
61 183
905 561
601 482
139 228
325 226
114 803
14 126
286 727
404 518
904 582
982 771
417 757
179 978
291 417
632 830
297 611
624 729
20 709
206 168
525 268
132 942
384 162
372 199
814 794
449 806
987 306
220 435
737 287
385 226
63 967
928 820
394 112
72 106
769 4
861 277
862 881
295 304
809 860
907 62
208 233
12 741
108 850
128 426
458 865
935 497
133 951
671 459
621 524
215 863
74 849
626 866
642 735
403 81
133 984
262 756
156 367
928 496
715 736
308 82
271 78
700 876
227 130
393 244
744 903
797 131
433 656
324 875
847 781
665 817
274 352
30 887
818 517
105 860
198 291
273 120
776 17
799 831
758 408
322 455
929 331
967 659
692 298
923 117
80 541
724 286
173 622
766 945
748 228
362 443
288 458
731 990
18 863
207 305
615 660
507 687
239 640
865 305
424 169
45 711
125 139
40 473
921 368
836 613
568 975
400 961
495 968
611 418
154 240
528 461
343 644
399 662
201 187
20 729
828 368
297 744
500 993
589 637
662 139
576 328
371 116
23 583
581 71
319 508
432 208
675 108
453 614
862 962
462 460
444 879
907 65
840 60
306 840
471 6
189 817
523 169
963 182
413 137
570 124
826 226
833 710
7 881
29 985
103 712
485 302
972 783
765 320
677 814
659 303
630 838
523 364
925 48
491 187
964 458
198 722
270 255
700 880
720 94
826 362
316 521
209 479
553 626
551 43
96 823
260 64
798 704
331 221
355 211
732 987
854 235
857 53
948 356
142 215
308 763
972 290
778 280
303 960
363 301
236 101
829 24
830 979
264 496
785 82
913 37
973 985
575 613
1000 687
726 755
196 538
892 751
829 250
316 403
378 516
359 79
624 164
236 666
809 374
666 393
461 571
426 921
148 571
24 585
336 939
278 834
962 915
687 482
358 28
141 506
783 959
499 406
615 124
233 198
613 990
220 452
568 658
758 588
428 249
271 605
400 602
738 760
922 499
279 818
873 391
727 356
379 474
533 27
155 259
907 506
930 57
768 900
972 732
573 923
831 363
15 382
346 35
43 810
253 441
824 266
308 155
303 475
254 763
6 294
375 93
159 844
19 89
510 141
403 502
811 405
332 661
53 378
683 223
209 596
874 914
672 969
838 633
92 891
56 321
994 283
795 854
999 526
179 61
776 41
189 108
588 227
675 829
910 180
454 16
572 403
899 165
826 911
634 212
887 746
503 765
933 462
313 929
478 293
101 854
334 476
528 728
219 695
861 892
74 158
629 448
885 118
406 49
652 313
31 844
404 978
524 963
242 508
712 611
782 575
568 903
474 922
241 957
352 114
249 750
250 657
803 157
296 601
394 440
466 153
879 747
516 653
177 347
989 412
438 386
497 966
297 962
871 984
933 196
517 730
662 413
955 389
149 326
722 136
426 349
108 879
381 317
916 24
593 253
702 553
60 336
906 210
711 383
945 568
569 372
553 799
419 849
208 44
318 417
483 737
656 964
74 909
91 889
55 962
459 253
885 927
392 178
670 293
263 753
729 103
985 141
483 64
748 588
216 325
75 442
592 224
616 230
415 956
142 28
550 169
882 665
867 55
710 419
435 131
292 280
256 798
166 305
830 792
298 393
905 423
9 762
249 221
674 764
60 131
789 918
874 571
946 156
468 168
735 810
847 364
792 926
328 426
680 927
865 133
171 788
616 817
984 309
892 902
385 395
387 736
559 382
338 142
158 701
796 773
235 427
641 895
70 786
604 443
715 882
886 78
258 657
595 168
870 466
431 866
905 605
345 741
862 886
314 168
142 610
788 400
704 751
416 487
237 881
475 772
871 674
440 92
422 412
977 203
975 832
393 106
30 337
90 484
714 240
772 674
264 921
602 123
99 479
262 535
126 281
282 596
5 185
984 989
160 440
622 856
361 971
751 572
39 592
795 798
173 734
609 927
394 969
714 962
774 529
460 634
796 252
890 3
601 76
693 934
723 809
934 854
628 672
687 122
763 480
47 411
587 633
35 483
236 288
700 503
115 657
259 235
525 252
191 984
395 795
32 575
723 831
904 611
342 79
714 390
519 627
150 242
758 839
944 655
706 802
988 216
681 736
332 660
371 198
762 509
464 356
691 910
736 144
96 63
439 769
546 401
957 728
845 931
906 825
391 819
510 505
205 551
341 629
712 645
152 732
834 694
927 650
493 235
275 456
828 804
498 131
314 209
547 660
510 810
756 518
336 185
177 815
381 711
420 681
863 711
902 769
687 629
725 674
997 397
251 39
640 304
473 97
350 825
207 720
998 952
910 46
74 310
24 198
352 956
106 743
913 139
49 785
627 847
816 411
424 104
946 213
162 804
657 31
272 59
538 298
903 534
406 42
390 623
283 733
913 838
697 863
351 762
546 864
196 313
253 952
823 332
37 599
404 942
591 917
143 370
158 757
206 7
992 167
422 830
828 277
486 370
580 470
432 110
106 93
270 834
16 877
914 842
219 853
471 892
951 206
58 11
794 647
558 340
906 989
306 877
862 846
389 370
425 92
555 463
77 63
613 221
337 978
711 704
879 126
402 782
241 318
158 339
622 212
181 723
859 275
109 400
146 410
310 681
134 635
138 630
161 319
917 807
900 694
830 3
194 289
17 280
417 237
866 367
973 521
526 171
998 932
123 378
416 858
739 84
778 920
943 70
675 828
801 617
730 433
127 291
494 886
59 656
100 745
639 324
718 877
240 796
519 772
477 961
523 33
743 490
362 432
446 836
943 307
71 425
734 251
98 265
838 85
878 826
610 428
666 490
387 647
230 485
900 975
577 590
851 27
121 314
763 871
235 462
309 587
591 37
993 254
614 206
751 872
343 316
244 295
172 68
671 34
565 555
753 767
935 745
865 261
138 71
750 728
626 922
621 698
827 337
168 818
855 423
379 342
474 78
168 961
371 762
780 760
394 271
227 528
87 142
14 685
169 517
815 762
526 587
708 874
690 894
4 992
167 276
476 776
761 686
69 216
190 862
156 90
108 323
311 766
633 612
248 710
355 234
565 419
201 752
164 460
183 544
94 133
760 518
95 212
279 13
395 528
821 46
985 208
783 397
696 285
734 437
700 381
347 975
562 378
191 854
654 154
108 240
607 222
311 269
304 549
953 952
225 37
705 499
10 667
230 310
638 435
978 300
893 465
227 992
174 217
505 646
684 605
844 881
318 804
282 326
466 235
672 962
285 865
886 351
650 557
357 147
283 848
221 190
430 545
641 595
555 728
797 571
145 620
748 706
558 231
684 403
426 431
262 57
756 269
901 23
690 123
484 72
980 853
234 531
609 250
648 691
976 224
997 182
158 280
911 378
497 92
206 516
181 970
844 190
811 79
8 304
377 631
48 561
69 873
165 326
882 984
185 376
5 429
563 665
602 491
490 833
695 811
748 593
809 819
539 502
613 681
844 499
151 885
282 964
139 853
540 872
752 146
109 779
899 879
667 475
392 894
852 853
213 797
767 346
809 126
994 689
97 828
832 137
796 876
209 974
875 237
213 910
896 918
948 599
92 753
12 503
274 839
460 857
248 303
891 519
767 440
509 408
831 991
874 318
12 97
207 619
576 428
160 409
638 480
780 30
241 836
917 339
976 753
168 498
766 450
180 993
928 995
346 440
667 722
82 398
529 725
270 641
899 563
665 437
746 200
105 192
12 564
472 765
931 470
879 500
51 643
993 903
267 197
906 235
47 695
161 48
694 858
518 20
332 63
834 857
930 356
330 552
268 684
95 872
901 37
578 338
562 879
428 26
963 756
52 776
630 614
338 862
709 893
302 573
640 672
276 692
528 833
70 824
416 831
559 931
971 15
142 734
107 973
373 793
815 246
283 1
782 997
412 662
574 331
64 137
173 594
696 469
684 866
783 618
582 613
204 747
465 557
35 367
680 88
645 646
685 473
761 19
600 890
988 772
879 999
1 316
990 452
921 195
318 877
107 286
707 607
615 126
770 950
987 890
660 463
582 659
923 699
283 792
803 449
43 468
157 165
12 585
585 281
822 94
419 601
945 641
228 190
824 558
988 737
590 85
259 797
422 763
155 988
337 977
283 159
393 967
