941 2954
819 594
148 290
886 687
512 411
523 704
319 283
197 96
235 181
571 447
114 404
207 913
6 211
247 400
303 418
715 636
93 501
368 279
870 216
554 912
411 328
931 507
398 61
1 191
900 199
50 782
479 434
366 220
599 619
528 168
89 711
770 800
398 737
699 49
385 636
720 530
171 760
524 188
747 784
833 912
500 747
121 762
255 324
70 376
299 688
45 385
892 209
639 327
579 911
273 797
403 805
426 687
172 447
504 866
287 879
141 169
588 444
788 657
475 150
184 692
96 534
632 19
99 108
906 177
416 173
660 896
97 915
558 512
691 554
329 813
516 100
40 290
762 451
800 295
600 794
881 566
931 327
259 880
648 806
812 412
10 796
585 896
396 686
860 75
715 261
241 288
614 533
443 397
743 676
597 809
393 688
19 926
51 214
14 515
915 535
692 230
101 202
673 12
222 924
74 428
312 431
402 26
439 622
465 857
262 566
212 50
414 824
753 175
327 84
233 138
793 555
577 396
758 566
580 869
711 242
866 388
608 464
735 695
740 863
433 594
234 734
73 78
257 425
40 759
418 236
655 502
248 698
193 842
602 734
838 215
396 907
516 607
438 266
373 121
504 445
933 940
97 143
171 26
615 709
82 627
586 918
608 637
292 64
845 470
467 757
95 70
436 599
540 446
820 816
710 417
108 518
879 348
681 368
798 183
923 493
325 862
936 834
148 810
424 33
870 682
779 316
390 160
835 510
799 177
582 660
864 420
849 432
188 375
807 589
130 565
902 598
331 156
928 485
886 564
280 115
154 155
45 333
933 793
106 551
160 206
586 627
491 762
716 467
3 402
41 619
777 81
318 382
9 626
627 18
661 687
21 720
414 491
881 246
40 487
685 393
248 138
358 243
710 553
733 840
167 870
707 821
414 606
435 256
383 800
900 350
683 614
93 45
154 789
876 77
713 904
553 675
438 592
645 558
594 304
84 904
160 419
162 411
18 522
426 81
870 902
106 646
270 685
879 47
700 660
701 205
902 257
554 484
204 604
685 164
872 266
745 28
212 672
17 153
130 472
573 100
439 760
6 880
690 128
473 370
736 115
439 503
376 461
377 449
247 715
752 147
73 19
114 471
721 197
98 125
890 923
465 188
528 457
297 585
764 749
264 17
46 297
908 444
207 599
736 155
263 371
478 483
656 897
732 79
663 539
832 541
231 419
530 589
531 860
201 660
392 110
664 315
846 114
187 12
244 542
498 881
893 277
845 503
530 476
144 313
770 5
720 856
520 548
201 554
836 467
123 536
414 2
878 920
771 62
220 372
116 617
95 330
781 73
305 912
786 587
622 872
753 388
263 237
136 417
617 341
16 92
415 340
292 300
682 795
902 443
499 279
565 387
462 823
837 670
922 895
715 555
440 284
666 736
838 482
679 331
517 124
828 806
603 224
843 712
567 28
267 630
688 366
628 30
888 857
560 214
81 376
634 939
525 125
375 122
857 495
358 731
287 158
608 925
505 120
527 853
804 718
15 170
879 577
883 847
936 787
938 494
539 548
560 52
709 892
88 842
71 703
937 686
297 405
748 805
324 439
418 44
803 940
182 854
282 402
819 796
320 335
715 5
755 922
408 879
226 202
88 674
639 418
345 911
933 924
59 406
59 93
170 456
760 883
192 640
780 334
507 108
126 450
687 481
519 405
923 382
799 451
112 390
912 237
473 343
327 340
54 436
332 46
557 88
813 291
559 323
441 483
586 568
849 675
365 50
115 909
617 563
709 99
487 768
218 308
666 768
197 667
122 671
250 318
164 920
115 628
449 608
462 625
447 925
835 588
272 520
787 740
98 790
652 593
445 461
181 333
590 43
438 340
65 791
730 694
837 626
272 822
168 93
921 428
461 787
8 81
851 554
653 575
691 756
185 337
87 531
456 771
645 715
522 464
939 841
523 707
176 727
746 114
727 52
875 666
364 11
38 827
424 635
460 105
402 457
822 749
142 350
318 151
882 603
846 525
464 182
222 406
293 296
24 788
230 893
33 525
587 316
842 12
510 299
277 804
666 382
887 449
27 776
744 221
50 350
674 612
895 1
753 338
932 871
209 916
11 626
261 81
176 861
888 883
289 99
897 134
224 73
595 426
63 704
905 940
926 582
598 803
638 332
875 874
34 115
419 542
146 34
936 417
590 164
645 455
867 331
578 33
907 378
306 233
849 372
384 797
132 862
117 883
776 814
745 489
432 351
913 800
571 460
639 646
754 433
419 821
115 47
465 108
356 661
323 90
326 926
328 367
365 609
244 598
13 503
162 833
404 819
23 539
579 101
212 817
365 644
833 777
774 843
244 884
389 13
266 143
358 212
175 829
877 850
259 484
366 937
62 507
264 873
760 373
452 357
790 659
590 594
244 605
319 23
247 602
328 698
937 295
118 614
405 111
647 175
199 163
48 894
530 174
180 929
552 276
698 351
516 314
249 304
421 698
227 7
356 255
50 331
140 22
398 508
61 670
359 243
808 327
788 585
436 166
94 901
791 326
820 535
144 170
806 742
7 484
598 73
602 388
34 322
325 118
918 14
509 362
37 88
632 589
262 504
103 605
71 361
629 250
725 156
301 634
380 450
788 711
291 489
200 770
419 755
169 191
908 803
35 345
661 189
273 905
311 753
593 125
188 726
245 424
448 838
804 598
307 86
273 26
916 210
862 313
174 810
781 322
620 430
717 673
14 339
890 74
202 889
888 154
740 474
299 193
373 74
780 203
818 360
750 809
749 735
291 494
830 896
350 225
797 904
724 920
771 568
198 864
625 418
772 535
367 456
775 522
560 820
669 740
608 828
310 436
3 704
79 707
867 586
724 193
251 858
657 610
341 137
35 188
469 616
461 149
27 512
36 909
750 816
415 169
137 374
239 46
786 40
386 231
724 89
124 219
47 185
554 723
547 586
108 57
365 91
372 51
526 9
654 194
51 500
641 95
805 905
637 815
187 110
335 483
269 486
569 224
382 479
455 511
810 599
154 467
572 718
156 613
749 23
167 205
30 351
438 705
667 768
407 403
11 235
394 522
513 442
767 918
38 213
573 11
828 930
528 660
247 524
18 915
403 149
472 213
454 805
900 809
763 594
250 828
549 243
681 459
311 128
369 441
515 684
562 565
64 904
502 767
142 828
608 640
365 77
733 141
848 41
466 117
940 711
209 481
48 545
912 475
345 622
662 495
173 809
404 433
850 212
78 765
528 651
841 546
310 122
378 917
370 433
884 448
393 638
174 32
763 310
126 313
398 887
918 419
352 470
596 57
623 202
769 559
916 871
651 120
157 676
216 394
587 653
273 136
115 755
645 496
232 654
195 552
696 718
895 150
683 401
883 758
367 388
886 696
356 637
431 13
678 459
355 455
760 911
596 64
891 298
908 452
566 734
590 392
903 884
615 558
172 737
820 149
649 255
453 306
594 381
522 238
851 227
300 171
908 720
817 474
8 866
919 127
151 810
373 886
811 818
446 823
569 519
734 170
735 759
116 325
638 923
857 541
343 574
843 644
310 150
186 416
852 288
193 306
927 438
216 408
894 191
177 212
381 259
332 841
611 667
300 597
528 752
653 354
322 713
126 782
382 482
868 311
797 631
634 587
763 638
855 236
857 757
190 750
874 839
257 741
227 359
780 60
13 597
149 713
911 76
50 455
880 75
809 654
440 306
903 763
743 504
874 633
139 29
394 367
679 369
938 352
403 714
206 23
24 27
816 199
466 631
782 74
324 422
397 472
353 814
536 187
863 101
593 446
226 545
634 264
909 776
84 626
549 906
242 311
893 670
108 775
235 476
181 253
484 43
623 460
273 261
791 95
374 308
597 796
11 649
910 717
291 316
348 315
366 532
354 485
45 938
323 536
158 481
587 721
460 571
14 830
704 205
499 507
780 639
748 612
1 714
533 401
365 180
752 526
546 595
196 456
218 125
241 308
39 121
276 797
818 713
11 85
394 829
781 642
399 815
888 893
23 831
300 864
446 617
323 427
493 412
95 258
425 351
7 822
175 721
549 542
514 93
736 672
502 547
77 46
336 547
818 455
931 60
70 172
737 842
149 103
815 753
262 787
301 417
176 11
642 511
93 31
21 413
719 810
443 653
795 208
743 197
534 376
413 664
415 739
35 154
36 788
203 691
111 465
129 271
463 696
392 450
651 606
677 903
752 34
697 492
560 463
731 733
808 99
222 448
834 222
650 821
213 574
421 230
129 156
664 460
927 750
263 756
674 742
862 131
192 49
320 455
568 769
56 491
440 928
847 815
336 138
778 5
502 397
781 17
695 213
161 688
63 308
937 183
8 221
342 63
866 787
25 497
635 888
669 649
374 634
400 891
855 37
274 860
702 158
387 519
63 181
484 94
887 243
912 273
570 628
148 803
811 744
542 616
601 858
231 645
882 200
344 532
792 597
712 338
63 107
296 309
754 14
38 863
81 546
210 637
135 773
925 461
823 871
61 775
465 231
620 455
489 150
735 347
187 260
832 644
360 743
447 376
266 669
764 313
711 663
12 835
270 363
588 111
78 452
735 121
244 516
134 112
781 694
485 132
783 407
234 849
770 63
850 146
477 373
343 364
626 789
744 147
149 600
259 293
929 749
877 239
327 647
383 433
349 97
837 866
234 380
279 895
184 403
298 80
617 264
752 545
937 497
590 469
529 829
778 86
142 74
733 189
255 18
332 135
133 269
301 817
621 82
346 426
914 575
66 335
220 391
331 140
17 554
387 827
773 846
667 455
519 101
652 94
447 505
584 710
566 97
507 137
552 474
700 178
349 284
5 613
210 399
417 910
512 632
747 700
270 920
396 755
659 101
678 899
309 105
696 495
480 324
705 298
556 641
20 851
680 455
598 543
11 467
56 200
274 921
686 27
745 662
27 755
600 175
629 351
457 178
295 127
45 438
653 801
637 444
884 926
317 844
451 742
750 372
272 408
844 547
901 286
89 518
77 316
79 552
893 176
937 523
465 599
279 812
876 808
806 851
130 861
404 451
291 719
906 624
30 726
215 590
787 57
770 3
365 221
867 753
172 822
768 689
687 133
308 323
497 318
691 267
781 71
621 816
879 275
178 842
578 85
673 89
361 194
349 491
590 696
224 710
797 775
523 507
875 335
549 477
797 189
124 693
497 712
538 731
686 158
199 168
394 371
291 434
111 200
630 808
757 267
744 187
155 425
232 410
250 402
140 661
863 690
807 737
226 395
541 277
730 101
414 95
854 771
520 581
775 66
587 512
136 846
501 53
708 572
657 137
768 591
751 195
36 239
350 829
687 29
728 493
11 366
140 240
473 291
312 223
3 184
334 650
208 677
319 489
231 717
907 114
766 839
656 690
160 311
768 321
254 460
695 702
319 207
315 758
737 103
756 133
539 98
133 194
747 229
67 696
287 360
307 243
456 684
896 132
910 198
27 240
284 460
32 170
385 150
38 464
832 449
499 383
936 551
230 509
621 803
582 555
570 419
808 362
700 771
331 311
225 211
935 319
393 882
395 594
179 53
236 488
934 420
755 18
223 39
120 102
465 264
859 653
330 244
390 431
156 600
710 19
362 165
366 862
314 832
206 903
117 189
541 480
176 246
214 402
343 122
460 570
436 197
455 171
40 251
437 871
793 790
687 524
313 938
805 199
410 827
251 206
512 580
592 701
648 529
794 488
136 104
230 888
74 79
751 762
222 875
756 759
387 268
649 609
746 679
345 697
70 245
236 850
117 784
26 71
543 526
63 478
70 260
914 205
721 766
383 786
242 303
230 342
264 490
123 583
23 165
57 898
521 933
356 57
809 753
926 748
621 567
917 572
448 340
214 489
903 196
834 768
879 177
167 841
633 112
119 191
619 69
267 360
935 147
223 141
560 122
137 287
62 915
637 569
912 301
160 643
932 906
224 501
43 229
905 213
874 902
730 354
804 941
678 569
164 25
809 881
260 354
117 684
480 840
11 646
339 21
589 408
314 150
685 314
636 191
104 830
178 243
106 340
604 544
386 883
437 647
556 118
812 8
741 446
135 373
817 809
657 103
773 482
509 746
938 434
60 565
776 840
338 165
492 611
369 25
677 254
577 246
880 454
763 239
66 885
692 372
214 240
805 462
827 817
573 301
56 726
812 701
139 339
16 161
397 76
382 47
863 233
847 756
677 765
620 544
501 509
818 359
303 870
34 470
738 209
475 740
311 315
759 519
426 233
119 825
781 556
122 696
251 788
129 123
493 762
367 447
666 329
886 292
795 543
699 182
510 870
721 786
706 284
34 43
182 741
717 294
917 297
93 588
494 474
156 211
135 363
68 321
775 806
567 356
522 752
603 48
911 363
203 910
132 821
496 750
613 514
492 816
304 433
841 801
933 624
182 438
419 407
188 470
632 591
906 594
427 896
119 131
546 685
413 610
329 709
36 223
758 35
377 650
611 673
435 18
620 909
108 295
119 161
381 458
128 466
129 452
645 569
189 162
11 597
32 99
398 349
823 89
715 880
601 666
222 442
777 673
465 61
691 337
198 323
113 918
240 538
684 587
585 301
876 852
900 338
150 655
174 923
48 918
607 195
937 280
611 369
466 301
928 53
824 746
671 758
401 938
652 644
139 494
250 42
939 493
296 428
336 293
688 415
301 14
621 303
879 502
587 54
844 868
721 918
776 327
264 443
102 122
747 371
90 658
803 760
567 371
555 267
167 65
495 340
80 510
302 397
503 276
454 269
601 622
619 123
550 38
625 554
537 837
882 69
75 713
45 550
870 345
799 717
322 140
173 130
328 880
870 538
923 596
239 290
908 384
641 848
496 196
881 705
219 486
591 582
593 867
391 476
856 374
879 849
888 48
662 861
834 840
545 411
563 804
621 219
70 867
911 683
492 895
449 118
851 92
227 177
941 821
798 141
605 615
508 241
582 340
149 375
483 798
762 66
513 297
786 338
545 319
132 43
333 331
557 886
467 476
715 130
441 359
761 448
100 57
526 110
214 636
108 604
285 420
40 708
28 21
524 635
112 598
304 291
585 182
141 923
255 132
720 859
169 702
629 331
819 886
463 627
926 647
598 817
530 362
911 300
931 418
49 790
457 916
832 760
282 931
376 367
672 684
225 834
275 487
885 616
642 889
806 86
516 501
682 861
190 166
908 514
907 522
50 748
864 749
612 526
634 798
211 396
282 192
812 712
679 247
112 583
848 364
171 522
355 652
7 879
103 710
896 888
454 478
917 542
2 800
439 430
591 605
245 491
711 183
251 571
128 246
385 652
638 477
213 835
90 904
471 576
221 176
281 86
669 624
376 84
391 692
451 847
583 14
604 177
344 754
244 926
709 15
694 381
471 204
880 174
258 721
463 45
211 188
528 223
932 689
875 904
888 867
278 497
70 847
378 47
458 37
721 851
634 375
35 706
342 293
436 359
185 238
618 25
59 94
134 209
716 788
115 167
701 628
703 933
541 672
252 755
929 104
740 492
698 234
610 856
772 63
862 38
463 475
818 685
124 849
898 62
755 100
607 911
498 708
725 234
283 395
352 840
327 920
271 880
515 315
862 11
669 349
925 873
565 796
485 615
932 155
271 348
185 96
613 405
832 708
814 163
34 885
763 521
141 267
496 456
493 98
586 545
630 278
106 435
758 400
31 637
607 98
920 214
480 40
725 696
318 230
763 855
183 747
521 9
637 663
928 5
927 55
12 683
163 327
756 156
184 373
771 330
403 30
497 143
59 4
423 558
85 59
709 146
128 263
205 16
923 510
686 846
302 308
715 17
583 424
491 914
104 832
896 529
911 523
471 430
555 315
95 514
295 124
833 224
248 832
249 28
89 394
604 772
509 466
8 832
253 686
909 284
103 421
657 406
415 355
590 905
557 523
941 289
653 791
731 391
674 380
820 195
712 460
146 398
862 151
9 459
888 649
916 230
789 782
187 823
821 727
813 45
264 663
706 722
88 357
897 527
309 766
187 932
645 597
903 60
579 71
907 716
216 148
307 904
382 513
700 766
370 642
685 313
351 782
266 18
105 605
345 571
695 666
256 4
536 769
311 123
459 82
294 730
850 267
171 403
375 915
710 338
568 146
288 527
807 433
39 654
573 928
342 258
375 335
303 146
340 904
768 30
815 97
311 743
46 475
369 539
528 927
213 342
705 670
70 778
556 223
280 98
137 114
545 896
892 140
361 326
506 236
426 532
897 802
796 764
447 656
523 157
562 907
155 336
875 746
658 502
865 141
721 640
403 753
741 818
558 269
65 18
503 416
307 918
715 655
681 184
850 512
687 301
121 350
499 790
912 388
108 666
454 127
401 887
576 817
941 872
64 318
51 266
398 29
92 88
240 369
21 826
106 81
941 99
192 185
520 314
127 59
456 179
130 566
885 390
669 751
341 728
800 426
344 94
788 281
700 862
468 257
774 284
154 291
318 929
230 638
428 677
642 930
911 673
664 670
788 676
388 210
179 829
491 578
334 65
280 270
28 558
32 100
586 448
41 507
510 774
575 381
10 644
525 35
110 877
392 106
50 255
457 720
385 275
114 627
322 888
502 769
563 833
604 216
552 494
610 316
658 516
334 484
431 852
551 415
679 170
464 890
206 663
657 904
894 418
73 303
364 397
720 227
26 585
443 429
392 649
834 288
253 899
199 331
715 690
153 586
850 928
51 829
786 407
8 584
104 273
154 785
814 622
158 825
822 181
885 480
409 223
769 229
286 762
574 222
491 47
88 905
656 806
873 521
875 377
253 481
26 451
895 728
566 424
677 160
509 227
114 158
900 373
406 414
118 291
436 877
445 380
470 431
853 922
32 26
161 183
574 118
481 72
390 898
136 294
204 450
118 205
473 13
391 827
730 605
70 309
379 771
310 726
813 339
263 381
637 442
162 112
131 704
632 294
79 190
135 557
127 134
249 679
155 97
473 129
437 614
259 839
828 812
232 430
708 743
303 760
577 741
53 566
143 867
538 828
116 669
508 749
617 350
790 544
661 920
462 816
62 567
750 857
92 267
141 922
19 600
361 370
259 754
444 219
35 859
822 341
416 636
437 436
384 800
481 663
514 791
401 920
273 99
937 561
4 664
281 278
244 481
784 299
372 11
156 226
468 105
108 176
236 509
698 48
845 191
59 412
370 596
149 376
465 360
746 574
891 699
147 591
508 797
55 439
613 719
579 124
92 774
643 430
698 274
849 840
506 374
260 870
582 440
69 935
412 681
657 321
128 561
660 842
165 47
632 911
650 471
67 548
356 862
642 38
274 12
685 132
939 713
501 834
254 165
115 618
99 78
210 874
374 834
307 934
127 715
847 608
321 312
297 87
579 242
265 539
820 232
860 140
220 166
293 680
459 176
469 119
508 22
654 328
629 746
659 311
462 707
528 814
604 504
199 902
16 876
400 433
653 559
256 693
370 473
813 193
141 273
362 885
271 605
210 562
519 395
868 116
726 575
727 356
513 274
359 270
803 428
274 239
77 762
526 897
63 845
215 107
163 7
58 307
245 84
815 429
874 612
413 30
436 929
611 392
867 425
559 530
726 636
734 155
277 542
352 576
351 327
5 656
830 654
870 843
778 912
414 523
726 277
518 397
356 318
527 940
287 459
197 735
571 155
594 719
900 879
501 392
525 785
413 940
108 350
225 726
298 636
580 669
851 671
28 612
508 349
570 694
277 648
333 166
685 913
698 108
464 869
726 684
160 595
144 765
14 845
471 425
592 251
477 535
396 819
151 385
599 614
31 10
897 565
466 112
868 914
261 204
621 710
809 338
900 482
42 445
358 775
749 365
143 89
310 881
703 345
920 37
522 313
680 198
749 841
400 211
107 637
936 421
535 391
115 734
556 597
476 460
267 72
289 59
491 348
199 606
400 567
332 562
276 807
268 855
840 229
894 440
803 526
310 217
918 87
340 755
723 253
154 637
446 535
692 286
587 704
218 734
332 819
539 168
443 767
299 684
266 937
68 349
860 286
348 688
610 95
53 418
77 623
499 516
922 316
407 322
11 544
758 379
696 55
909 203
922 569
761 535
410 142
203 398
285 168
36 655
273 43
561 435
210 284
917 883
817 800
607 723
738 3
927 915
210 680
817 494
12 840
698 757
882 204
572 715
435 36
171 169
763 230
909 209
268 223
824 584
865 806
442 672
241 173
95 798
264 313
853 532
98 14
657 198
803 374
911 761
202 237
708 360
938 697
389 345
941 668
288 105
896 510
911 800
291 830
416 786
554 47
55 931
387 339
614 77
484 354
714 937
515 664
146 352
590 561
189 787
444 503
482 574
84 862
551 707
58 170
331 504
462 215
100 894
856 756
691 104
526 426
822 770
772 466
496 861
192 716
615 892
304 475
410 926
654 832
473 213
707 505
600 530
300 488
87 694
608 760
42 408
595 482
868 12
392 167
283 453
714 803
569 105
95 360
862 420
151 513
402 710
55 462
878 361
32 124
88 329
570 550
806 40
402 857
243 847
277 854
404 66
812 199
538 858
872 618
923 870
543 652
913 93
457 286
224 829
378 283
734 425
534 90
718 487
629 200
903 371
779 244
468 197
162 888
362 925
362 598
202 105
383 609
520 777
649 155
941 536
411 565
690 719
525 857
892 828
803 587
169 619
478 48
797 526
889 597
780 407
572 728
431 880
162 602
492 770
695 606
484 323
259 461
776 566
527 385
380 372
550 632
238 782
761 739
906 105
562 170
412 447
460 316
146 111
590 153
574 34
575 282
669 278
121 603
565 933
394 865
145 752
810 169
884 176
722 55
231 108
530 24
235 361
272 253
401 385
844 179
262 472
247 923
251 738
654 514
287 480
270 552
824 191
1 671
737 661
809 96
97 643
150 618
133 784
478 686
393 931
808 595
378 190
882 860
204 765
679 742
597 480
771 77
112 809
665 632
465 596
303 543
249 845
819 780
834 727
246 185
526 938
710 264
125 158
436 863
555 796
534 656
630 622
100 460
746 346
783 613
436 315
437 435
920 915
370 169
528 841
451 180
915 152
311 558
481 263
780 865
546 878
584 804
743 941
687 928
86 236
367 850
111 681
511 760
477 431
904 826
616 175
7 873
47 716
910 447
325 613
1 538
382 500
366 18
914 342
451 614
363 335
681 313
700 115
171 298
540 484
465 582
358 139
267 799
694 719
882 474
630 603
922 510
851 118
559 868
410 813
124 377
482 524
60 75
461 867
299 31
764 502
186 647
260 223
264 837
525 224
286 556
359 78
741 882
354 468
245 355
890 191
88 568
681 248
183 45
238 764
307 656
879 597
195 386
721 543
494 411
649 80
685 839
708 291
729 712
5 261
27 824
157 31
730 316
89 428
56 697
422 642
865 198
96 330
331 750
78 515
387 871
473 23
46 119
375 71
378 473
782 555
237 98
211 95
805 197
317 330
835 546
724 683
806 150
349 826
263 35
507 789
491 360
551 422
242 644
739 222
170 920
134 345
373 191
87 347
404 764
825 54
809 940
574 236
578 861
475 25
190 64
887 938
712 630
415 569
288 397
767 623
399 257
202 207
425 690
40 307
224 741
595 419
337 503
394 732
17 655
23 577
165 287
424 236
5 486
613 657
121 102
216 676
488 73
677 678
577 299
498 619
176 716
599 4
359 117
145 711
401 10
139 62
703 623
847 132
672 560
195 156
394 897
567 801
732 429
199 267
646 773
500 537
582 329
711 801
345 19
73 438
857 361
807 274
845 91
386 599
313 928
560 469
291 718
680 932
261 655
701 295
498 268
812 315
334 94
814 179
873 488
585 444
509 321
181 619
921 303
208 531
211 638
12 629
312 530
166 801
333 634
687 543
482 805
722 368
240 334
136 25
599 933
398 185
588 524
627 420
885 126
173 647
787 110
34 165
783 709
481 310
668 94
559 354
428 754
925 510
443 636
342 144
381 331
147 601
404 841
302 183
398 17
700 913
275 403
832 117
778 6
870 95
855 20
436 902
8 645
868 478
101 680
686 758
636 421
588 256
438 748
19 881
556 217
310 73
565 677
359 298
769 619
520 196
596 890
245 143
500 630
798 53
524 537
107 828
407 542
239 865
591 614
448 96
816 271
356 21
376 246
230 241
34 324
587 294
91 285
519 896
556 910
478 85
562 784
304 895
342 51
642 822
464 914
673 31
32 822
687 181
570 922
113 106
721 928
208 834
872 863
730 203
569 865
436 338
555 281
683 364
611 686
703 865
304 912
46 383
85 117
431 546
583 353
310 48
438 485
243 79
740 311
761 91
728 908
106 480
927 163
417 651
35 292
915 222
847 598
284 522
616 70
515 268
572 318
165 880
519 865
647 454
668 156
301 827
250 360
472 568
859 164
570 260
813 18
940 585
226 465
729 11
571 824
454 220
221 820
673 647
885 574
125 249
71 680
96 291
404 484
689 742
653 334
108 281
348 661
519 240
1 916
265 851
383 445
534 404
81 842
101 631
483 129
175 106
608 752
165 501
679 394
442 304
225 160
463 752
194 922
875 359
918 330
382 78
77 111
373 739
317 822
482 672
726 722
133 227
276 302
370 385
558 779
561 488
923 705
230 328
178 495
894 116
397 388
443 586
318 69
430 233
310 323
549 915
571 679
525 135
627 684
186 196
115 397
210 395
802 71
877 76
54 312
476 747
42 336
44 185
248 303
640 586
15 701
792 516
316 646
261 3
9 733
543 637
837 202
818 505
128 147
610 811
242 849
313 775
632 622
889 155
384 234
306 72
591 241
586 877
332 495
761 286
281 241
782 540
11 936
928 238
729 755
490 217
770 439
424 753
495 359
116 179
760 716
852 50
801 571
902 299
762 595
762 886
445 426
487 901
454 631
683 159
937 18
367 526
543 385
853 398
178 621
608 884
364 205
3 843
90 272
398 201
271 325
112 201
336 43
393 463
105 482
288 696
328 906
809 266
574 700
906 713
836 34
530 901
604 627
184 126
521 129
557 495
669 628
12 563
189 725
185 558
899 211
186 209
302 573
731 59
876 628
510 707
934 249
27 230
524 152
642 696
294 816
707 911
427 266
428 684
158 53
89 466
75 266
493 592
900 400
709 407
581 160
145 516
314 600
439 254
619 744
817 864
512 600
936 83
3 188
757 165
468 336
876 642
589 529
3 640
526 70
514 195
933 64
590 622
906 531
159 354
224 744
207 816
152 554
762 431
466 32
363 101
381 286
642 616
662 753
791 552
773 109
261 755
763 81
176 917
714 192
128 413
149 659
766 443
106 784
324 420
862 363
132 759
478 31
922 4
549 355
130 829
646 349
135 838
29 778
470 691
605 577
789 325
503 619
284 760
209 593
232 612
